业务ID,apply_time,opertime_min,opertime_max,min_begin,max_begin
8199,56370,57238,59450,868,3080
8200,56550,57283,58939,733,2389
8201,59490,59900,61590,410,2100
8202,59670,59906,61680,236,2010
8203,59790,59919,61700,129,1910
8204,59970,60124,61283,154,1313
8206,70950,71354,71631,404,681
8207,71190,71375,71700,185,510
8208,64530,64563,31100,33,-33430
8209,41790,41803,42454,13,664
8210,53250,53270,53507,20,257
8211,53550,53556,53732,6,182
8212,53790,53798,53905,8,115
8213,55830,55837,56087,7,257
8214,55950,55974,56057,24,107
8215,58290,58279,58404,-11,114
8216,58470,58501,59520,31,1050
8217,58710,58714,58824,4,114
8218,60150,60128,60274,-22,124
8219,60330,60319,60423,-11,93
8220,63030,63009,63337,-21,307
8221,63150,63181,63498,31,348
8222,47370,47393,47704,23,334
8223,52830,52830,52978,0,148
8224,54210,54239,54367,29,157
8226,62670,69019,69024,6349,6354
8227,32490,32485,32766,-5,276
8228,32670,32691,32912,21,242
8229,42150,42141,42852,-9,702
8230,42270,42256,43340,-14,1070
8231,48930,48943,49139,13,209
8232,53010,53002,53483,-8,473
8233,54570,54542,54796,-28,226
8234,63330,63322,63538,-8,208
8235,79590,80273,80489,683,899
8236,79710,79725,80730,15,1020
8237,80070,80303,80667,233,597
8238,80370,80367,80670,-3,300
8242,81450,81854,82860,404,1410
8243,81510,81882,82174,372,664
8244,81870,81888,82293,18,423
8245,82230,82293,83380,63,1150
8246,82350,82382,82950,32,600
8247,82470,82542,83248,72,778
8248,82830,82866,83252,36,422
8249,83010,83109,83391,99,381
8250,83250,83323,83478,73,228
8251,84990,85005,85407,15,417
8252,84990,85028,85448,38,458
8253,85230,85273,85470,43,240
8254,61710,61718,61903,8,193
8255,38910,38885,39021,-25,111
8256,35430,35428,35569,-2,139
8257,35850,35844,35989,-6,139
8258,36930,36901,37254,-29,324
8259,38430,38444,39460,14,1030
8260,38730,38707,38937,-23,207
8261,38790,38789,38932,-1,142
8262,38790,38812,38944,22,154
8263,38970,38958,39129,-12,159
8264,38970,38976,39236,6,266
8265,39150,39182,40190,32,1040
8266,39630,39650,39733,20,103
8267,39690,39711,39883,21,193
8268,39750,39776,40810,26,1060
8269,39870,39855,40016,-15,146
8270,39870,39867,40079,-3,209
8271,40050,40037,40110,-13,60
8272,40350,40358,40444,8,94
8273,40950,40957,41029,7,79
8274,41250,41243,41326,-7,76
8275,41250,41260,41365,10,115
8276,41310,41293,41428,-17,118
8277,41430,41430,41589,0,159
8278,41970,41986,42093,16,123
8279,42210,42207,42376,-3,166
8280,43530,43515,43655,-15,125
8281,43770,43790,43966,20,196
8282,44010,44017,44131,7,121
8283,44190,44169,44299,-21,109
8284,47490,47497,47613,7,123
8285,47670,47665,47753,-5,83
8286,47790,47821,47949,31,159
8287,47970,47959,48069,-11,99
8288,47970,47967,48082,-3,112
8289,48150,48167,48263,17,113
8290,48450,48444,48605,-6,155
8291,49650,49624,49738,-26,88
8292,50190,50212,50339,22,149
8293,50370,50378,50487,8,117
8294,51330,51330,51413,0,83
8295,51450,51469,51597,19,147
8296,51690,51721,51833,31,143
8297,51930,51912,52026,-18,96
8298,52050,52072,52152,22,102
8299,52230,52201,52294,-29,64
8300,52350,52365,52471,15,121
8301,52590,52619,52729,29,139
8302,52890,52906,52988,16,98
8303,52950,52945,53021,-5,71
8304,53070,53069,53186,-1,116
8305,54030,54040,54152,10,122
8306,54210,54182,54233,-28,23
8307,54450,54422,54605,-28,155
8308,54750,54770,54845,20,95
8309,54810,54797,55840,-13,1030
8310,54870,54889,55090,19,220
8311,54930,54961,55096,31,166
8312,54990,54979,55130,-11,140
8313,55530,55535,55683,5,153
8314,55590,55584,55688,-6,98
8315,55830,55835,56075,5,245
8316,55890,55876,55959,-14,69
8317,55890,55886,55980,-4,90
8318,56070,56050,56139,-20,69
8319,56310,56296,56453,-14,143
8320,56610,56582,56974,-28,364
8321,56610,56591,57046,-19,436
8322,56730,56740,57125,10,395
8323,56790,56792,57138,2,348
8324,56970,57001,57177,31,207
8325,57510,57524,57627,14,117
8326,57750,57739,57849,-11,99
8327,58170,58180,58264,10,94
8328,58710,58710,58807,0,97
8329,58770,58788,58856,18,86
8330,58890,58903,59112,13,222
8331,59250,59272,59510,22,260
8332,59490,59491,59534,1,44
8333,59610,59622,59798,12,188
8334,59970,59949,60059,-21,89
8335,60030,60048,60097,18,67
8336,60090,60083,60164,-7,74
8337,60150,60137,60199,-13,49
8338,60450,60475,60624,25,174
8339,60990,60991,62080,1,1090
8340,61650,61644,62650,-6,1000
8341,62190,62196,63210,6,1020
8342,62190,62206,63240,16,1050
8343,62910,62913,62985,3,75
8344,62970,62990,63068,20,98
8345,63030,63017,63070,-13,40
8346,63150,63128,63293,-22,143
8347,63150,63169,63356,19,206
8348,63390,63386,63465,-4,75
8349,63510,63487,63524,-23,14
8350,64770,65117,65358,347,588
8351,34530,34531,34626,1,96
8352,34650,34675,34744,25,94
8353,34890,34893,35058,3,168
8354,35010,35031,35172,21,162
8355,36990,37002,37406,12,416
8356,37110,37137,37647,27,537
8357,37410,37498,38416,88,1006
8358,38010,38034,38972,24,962
8359,38670,38652,38811,-18,141
8360,38970,38941,39107,-29,137
8361,39390,39386,39657,-4,267
8362,39510,39509,39729,-1,219
8363,39810,39812,39946,2,136
8364,39930,39933,40263,3,333
8365,39930,39962,40205,32,275
8366,40050,40041,40340,-9,290
8367,41430,41449,41694,19,264
8368,41490,41504,41738,14,248
8369,41550,41564,42319,14,769
8370,41670,41692,41960,22,290
8371,41850,41848,42012,-2,162
8372,42030,42045,42160,15,130
8373,42450,42466,42758,16,308
8374,42630,42647,42874,17,244
8375,42690,42701,42889,11,199
8376,42690,42720,42906,30,216
8377,42750,42778,42925,28,175
8378,42810,42830,43041,20,231
8379,44370,44369,44541,-1,171
8380,45510,45513,45546,3,36
8381,45630,45656,45929,26,299
8382,45870,45864,46012,-6,142
8383,46110,46106,46241,-4,131
8384,47070,47069,47111,-1,41
8385,48030,48029,48172,-1,142
8386,48210,48234,48473,24,263
8387,48870,48855,49145,-15,275
8388,49050,49026,49182,-24,132
8389,49350,49353,49521,3,171
8390,49590,49603,49737,13,147
8391,49830,49855,50126,25,296
8392,50130,50159,50350,29,220
8393,50430,50456,50660,26,230
8394,50610,50632,50809,22,199
8395,51150,51132,51272,-18,122
8396,51270,51267,51392,-3,122
8397,51450,51422,51573,-28,123
8398,51510,51502,51628,-8,118
8399,51630,51658,51731,28,101
8400,51690,51671,51828,-19,138
8401,52410,52410,52491,0,81
8402,52650,52650,53660,0,1010
8403,52830,52836,53930,6,1100
8404,53370,53366,53552,-4,182
8405,53550,53521,53641,-29,91
8406,54150,54154,55160,4,1010
8407,54390,54384,54514,-6,124
8408,54930,54903,55095,-27,165
8409,55590,55565,55679,-25,89
8410,55650,55635,55774,-15,124
8411,55770,55747,55839,-23,69
8412,55890,55866,55989,-24,99
8413,58290,58282,58361,-8,71
8414,58770,58798,58925,28,155
8415,59010,59036,59175,26,165
8416,59550,59533,59647,-17,97
8417,59730,59741,60061,11,331
8418,60030,60034,60128,4,98
8419,60390,60382,60659,-8,269
8420,60750,60759,61213,9,463
8421,60930,60914,61041,-16,111
8422,61590,61585,61806,-5,216
8423,61830,61832,62035,2,205
8424,62070,62072,62350,2,280
8425,62070,62088,62228,18,158
8426,62370,62344,62467,-26,97
8427,62490,62518,62725,28,235
8428,63330,63337,63451,7,121
8429,63450,63466,63508,16,58
8430,63870,63841,64008,-29,138
8431,63990,64002,64111,12,121
8432,64530,64542,64658,12,128
8433,77310,77643,77780,333,470
8434,79710,80084,81210,374,1500
8435,80010,80099,81230,89,1220
8436,33930,33951,34980,21,1050
8437,34230,34249,34662,19,432
8438,34650,34668,34858,18,208
8439,35970,35982,36167,12,197
8440,36150,36133,36815,-17,665
8441,37170,37163,37329,-7,159
8442,37230,37253,37443,23,213
8443,37350,37330,37494,-20,144
8444,37470,37454,37578,-16,108
8445,37470,37474,37610,4,140
8446,37470,37502,37679,32,209
8447,37650,37673,37769,23,119
8448,38130,38144,38254,14,124
8449,38310,38302,38421,-8,111
8450,38490,38469,38598,-21,108
8451,39150,39155,39394,5,244
8452,39690,39706,40120,16,430
8453,39990,39982,40250,-8,260
8454,39990,40075,40276,85,286
8455,40290,40269,40427,-21,137
8456,40950,40929,41084,-21,134
8457,40950,40945,41087,-5,137
8458,41250,41371,41426,121,176
8459,41490,41493,41597,3,107
8460,41670,41649,41749,-21,79
8461,42270,42298,42630,28,360
8462,42330,42477,42647,147,317
8463,42750,42724,43267,-26,517
8464,44130,44158,45200,28,1070
8465,44670,44685,44819,15,149
8466,45030,45050,46100,20,1070
8467,45030,45101,45520,71,490
8468,45270,45335,46350,65,1080
8469,45870,45892,46211,22,341
8470,45870,45926,46240,56,370
8471,46050,46040,46334,-10,284
8472,46170,46144,46342,-26,172
8473,46290,46279,46440,-11,150
8474,46830,46828,47189,-2,359
8475,49530,49553,50620,23,1090
8476,50010,50004,51110,-6,1100
8477,50550,50576,51630,26,1080
8478,50730,50751,51800,21,1070
8479,50730,50764,51066,34,336
8480,50910,50891,51216,-19,306
8481,51390,51366,51903,-24,513
8482,51510,51540,52570,30,1060
8483,51690,51678,51848,-12,158
8484,51690,51705,51864,15,174
8485,51870,51845,51915,-25,45
8486,52110,52081,53140,-29,1030
8487,52170,52159,52482,-11,312
8488,52170,52201,52486,31,316
8489,52290,52283,52489,-7,199
8490,53010,53021,53181,11,171
8491,53490,53484,53737,-6,247
8492,53790,53776,53916,-14,126
8493,53910,53917,54037,7,127
8494,54090,54089,54258,-1,168
8495,54150,54179,54389,29,239
8496,54210,54219,55280,9,1070
8497,54270,54254,54483,-16,213
8498,54450,54478,54926,28,476
8499,54630,54625,54930,-5,300
8500,54690,54705,54993,15,303
8501,55170,55178,55282,8,112
8502,55410,55390,55504,-20,94
8503,56070,56077,56216,7,146
8504,56190,56216,56348,26,158
8505,56310,56320,56450,10,140
8506,57810,57789,57886,-21,76
8507,59370,59364,59470,-6,100
8508,59370,59403,59530,33,160
8509,59430,59447,59568,17,138
8510,59490,59553,59666,63,176
8511,59490,59571,59677,81,187
8512,59610,59644,59779,34,169
8513,59670,59670,59956,0,286
8514,59850,59832,60012,-18,162
8515,59850,59872,60016,22,166
8516,60390,60405,60584,15,194
8517,60510,60535,60736,25,226
8518,60870,60868,61115,-2,245
8519,61050,61063,61217,13,167
8520,61290,61304,61448,14,158
8521,61410,61390,61597,-20,187
8522,62310,62286,62501,-24,191
8523,62730,62737,62887,7,157
8524,63330,63346,63779,16,449
8525,64470,64686,65320,216,850
8526,64710,64781,65622,71,912
8527,64770,64815,65718,45,948
8528,64950,65466,65889,516,939
8529,65430,65497,65904,67,474
8530,66630,66720,67122,90,492
8531,66750,66738,67144,-12,394
8532,66810,66896,67166,86,356
8533,66870,66906,67236,36,366
8534,66930,66967,67276,37,346
8535,67770,67740,67872,-30,102
8536,38130,38145,38273,15,143
8537,39450,39434,39773,-16,323
8538,39510,39593,39711,83,201
8539,39570,39605,39718,35,148
8540,40350,40377,40623,27,273
8541,40590,40606,40849,16,259
8542,40890,40880,40937,-10,47
8543,41490,41477,41729,-13,239
8544,41670,41658,42013,-12,343
8545,41670,41689,41935,19,265
8546,41670,41708,42010,38,340
8547,41850,41870,42036,20,186
8548,42210,42231,42543,21,333
8549,42330,42355,42513,25,183
8550,42630,42660,42796,30,166
8551,43110,43108,43223,-2,113
8552,44790,44810,45130,20,340
8553,46530,46544,46762,14,232
8554,46530,46575,46869,45,339
8555,46650,46677,46788,27,138
8556,47430,47414,47703,-16,273
8557,48150,48151,48520,1,370
8558,48210,48229,48612,19,402
8559,48330,48383,48621,53,291
8560,48450,48469,48844,19,394
8561,49590,49571,49693,-19,103
8562,49770,49762,49889,-8,119
8563,50790,50764,50930,-26,140
8564,50910,50890,51940,-20,1030
8565,50910,50906,51180,-4,270
8566,51030,51122,51221,92,191
8567,51090,51138,51312,48,222
8568,51390,51413,51565,23,175
8569,51570,51555,51943,-15,373
8570,52590,52569,53171,-21,581
8571,52770,52754,52923,-16,153
8572,52770,52790,53249,20,479
8573,53070,53052,53249,-18,179
8574,53910,53887,54900,-23,990
8575,53970,53991,54178,21,208
8576,54630,54613,54773,-17,143
8577,54690,54671,54883,-19,193
8578,54810,54840,54923,30,113
8579,54930,54913,55035,-17,105
8580,55050,55045,55193,-5,143
8581,55050,55058,55204,8,154
8582,55350,55333,55454,-17,104
8583,55350,55371,55528,21,178
8584,55470,55449,55592,-21,122
8585,55590,55589,56045,-1,455
8586,55950,55949,56152,-1,202
8587,56130,56115,56290,-15,160
8588,56370,56395,56613,25,243
8589,56550,56618,56782,68,232
8590,56910,56922,57061,12,151
8591,57150,57166,57311,16,161
8592,57930,57920,58111,-10,181
8593,58170,58174,58241,4,71
8594,58290,58301,59310,11,1020
8595,58290,58361,58569,71,279
8596,58470,58465,58636,-5,166
8597,58530,58533,58642,3,112
8598,58710,58824,58952,114,242
8599,58830,58825,58969,-5,139
8600,58950,58969,59166,19,216
8601,59070,59066,59337,-4,267
8602,59190,59194,59421,4,231
8603,59310,59322,59560,12,250
8604,59310,59355,59569,45,259
8605,59370,59384,59615,14,245
8606,59370,59404,59903,34,533
8607,59550,59564,59830,14,280
8608,60090,60115,60377,25,287
8609,60450,60458,60612,8,162
8610,60510,60533,60712,23,202
8611,60750,60749,61156,-1,406
8612,60810,60809,61058,-1,248
8613,60870,60889,61455,19,585
8614,61050,61076,61390,26,340
8615,61170,61166,61496,-4,326
8616,61230,61242,61528,12,298
8617,62130,62205,62374,75,244
8618,63270,63285,63452,15,182
8619,63930,63925,64278,-5,348
8620,63990,63968,64456,-22,466
8621,64110,64206,64433,96,323
8622,64350,64359,64474,9,124
8623,64410,64444,64577,34,167
8624,64530,64524,64633,-6,103
8625,64530,64562,64692,32,162
8626,65190,65186,65297,-4,107
8627,65370,65345,65686,-25,316
8628,65850,65839,66037,-11,187
8629,65970,66037,66202,67,232
8630,66450,66467,66564,17,114
8631,66750,66750,66938,0,188
8632,66870,66938,67114,68,244
8633,68490,68467,68894,-23,404
8634,68610,68695,68921,85,311
8635,68910,68926,69109,16,199
8636,69150,69163,69288,13,138
8637,69510,69488,69650,-22,140
8638,69690,69671,70700,-19,1010
8639,70230,70218,71240,-12,1010
8640,71010,71010,71169,0,159
8641,72090,72121,72197,31,107
8642,72270,72279,72442,9,172
8643,36510,36508,36605,-2,95
8644,36990,36999,37086,9,96
8645,37110,37105,37268,-5,158
8646,37470,37484,37610,14,140
8647,37950,37979,38144,29,194
8648,38130,38150,38276,20,146
8649,38130,38179,38324,49,194
8650,38250,38279,38418,29,168
8651,38610,38582,38879,-28,269
8652,38730,38722,39205,-8,475
8653,39510,39484,39540,-26,30
8654,39630,39648,39760,18,130
8655,39690,39716,39917,26,227
8656,39930,39949,40105,19,175
8657,40110,40130,40246,20,136
8658,40290,40280,40440,-10,150
8659,40710,40720,40909,10,199
8660,41190,41198,41476,8,286
8661,41250,41342,41509,92,259
8662,41370,41382,41592,12,222
8663,41670,41664,41811,-6,141
8664,41670,41707,41920,37,250
8665,41910,41905,42114,-5,204
8666,42390,42383,42763,-7,373
8667,42510,42529,42975,19,465
8668,42570,42568,42715,-2,145
8669,42570,42672,42900,102,330
8670,42990,42965,43189,-25,199
8671,42990,43014,43201,24,211
8672,43050,43040,43265,-10,215
8673,43410,43437,43559,27,149
8674,43590,43589,43721,-1,131
8675,43710,43700,43858,-10,148
8676,43770,43764,43948,-6,178
8677,43950,43942,44058,-8,108
8678,44190,44211,44385,21,195
8679,44250,44325,44469,75,219
8680,44370,44384,44580,14,210
8681,44490,44478,44623,-12,133
8682,45030,45024,45113,-6,83
8683,45150,45156,45251,6,101
8684,46530,46512,46759,-18,229
8685,46650,46716,46867,66,217
8686,47430,47458,47565,28,135
8687,47670,47668,47790,-2,120
8688,48570,48573,48686,3,116
8689,48630,48616,48687,-14,57
8690,48690,48719,48790,29,100
8691,49110,49134,49254,24,144
8692,49650,49670,49940,20,290
8693,50250,50253,50367,3,117
8694,50670,50694,50793,24,123
8695,50850,50870,50962,20,112
8696,51390,51389,51443,-1,53
8697,51510,51504,51593,-6,83
8698,51510,51541,51642,31,132
8699,52590,52621,52694,31,104
8700,52830,52828,52909,-2,79
8701,52890,52899,52999,9,109
8702,52890,52914,53161,24,271
8703,53010,53014,53245,4,235
8704,53070,53084,53690,14,620
8705,53130,53146,53688,16,558
8706,53250,53266,53713,16,463
8707,53430,53404,53743,-26,313
8708,53430,53427,53760,-3,330
8709,53430,53432,53777,2,347
8710,53550,53529,53787,-21,237
8711,53550,53560,53799,10,249
8712,53910,53932,54040,22,130
8713,54030,54043,54131,13,101
8714,55350,55358,55454,8,104
8715,55530,55532,55656,2,126
8716,55950,55933,56032,-17,82
8717,56370,56380,56462,10,92
8718,56610,56624,56716,14,106
8719,56790,56782,56906,-8,116
8720,58590,58588,58680,-2,90
8721,58590,58597,58805,7,215
8722,59010,59022,59148,12,138
8723,59550,59558,60570,8,1020
8724,60030,60033,60196,3,166
8725,60090,60062,60275,-28,185
8726,60210,60204,60337,-6,127
8727,60210,60229,60340,19,130
8728,60270,60280,60413,10,143
8729,60270,60310,60425,40,155
8730,60330,60310,61350,-20,1020
8731,60630,60645,60730,15,100
8732,60930,60959,61067,29,137
8733,61110,61101,61322,-9,212
8734,61230,61242,61409,12,179
8735,61950,61982,62080,32,130
8736,64290,64311,64393,21,103
8737,64530,64503,64571,-27,41
8738,65490,65467,65618,-23,128
8739,68010,68003,68195,-7,185
8740,68130,68200,68325,70,195
8741,73590,73604,73749,14,159
8742,75150,75132,75274,-18,124
8743,77010,77202,77416,192,406
8744,77190,77220,78520,30,1330
8745,36330,36326,36409,-4,79
8746,42030,42032,42362,2,332
8747,43350,43375,43646,25,296
8748,50970,50959,51032,-11,62
8749,52950,52955,53274,5,324
8750,53010,52986,53137,-24,127
8751,55410,55394,55599,-16,189
8752,55950,55923,56930,-27,980
8753,55950,55947,56093,-3,143
8754,56310,56289,56412,-21,102
8755,56370,56378,56454,8,84
8756,56970,56974,57275,4,305
8757,57090,57124,58340,34,1250
8758,57630,57603,57785,-27,155
8759,57870,57863,57996,-7,126
8760,58650,58669,58792,19,142
8761,59070,59059,59310,-11,240
8762,60270,60295,60396,25,126
8763,60510,60512,61560,2,1050
8764,61050,61032,61126,-18,76
8765,61170,61176,61299,6,129
8766,62070,62071,62220,1,150
8767,62550,62551,62658,1,108
8768,62730,62744,62856,14,126
8769,62850,62853,63087,3,237
8770,63030,63061,63175,31,145
8771,63210,63221,63397,11,187
8772,63330,63337,63554,7,224
8773,63570,63570,63709,0,139
8774,63750,63758,63856,8,106
8775,33990,33966,34477,-24,487
8776,34050,34060,34107,10,57
8777,34170,34184,34302,14,132
8778,34350,34359,34442,9,92
8779,36870,36876,37011,6,141
8780,37230,37233,37326,3,96
8781,37650,37629,37744,-21,94
8782,37770,37765,37848,-5,78
8783,38190,38182,38302,-8,112
8784,38850,38841,38947,-9,97
8785,39750,39730,39885,-20,135
8786,39750,39796,39973,46,223
8787,39870,39865,39998,-5,128
8788,39870,39893,40022,23,152
8789,39930,39963,40071,33,141
8790,40170,40199,40329,29,159
8791,40290,40266,40372,-24,82
8792,40470,40454,40546,-16,76
8793,41070,41079,41170,9,100
8794,41970,41996,42137,26,167
8795,42150,42161,42269,11,119
8796,43050,43074,43338,24,288
8797,43230,43209,43383,-21,153
8798,43470,43503,44540,33,1070
8799,43890,43883,44013,-7,123
8800,44010,44022,44190,12,180
8801,45570,45564,45788,-6,218
8802,47190,47196,47348,6,158
8803,47850,47845,48018,-5,168
8804,47910,47940,48096,30,186
8805,48150,48125,48213,-25,63
8806,48630,48617,48682,-13,52
8807,49530,49539,49787,9,257
8808,49650,49680,49802,30,152
8809,49650,49692,49813,42,163
8810,50310,50309,50397,-1,87
8811,50370,50382,50823,12,453
8812,50430,50456,50648,26,218
8813,51330,51311,51405,-19,75
8814,51450,51438,51495,-12,45
8815,51630,51618,51710,-12,80
8816,51750,51730,51830,-20,80
8817,52890,52905,52964,15,74
8818,53010,53021,53056,11,46
8819,55050,55064,55133,14,83
8820,55470,55471,55597,1,127
8821,55470,55494,55636,24,166
8822,55650,55663,55770,13,120
8823,55710,55718,55872,8,162
8824,55830,55817,55971,-13,141
8825,55890,55884,56042,-6,152
8826,56250,56232,56353,-18,103
8827,56370,56362,56460,-8,90
8828,56550,56578,56669,28,119
8829,57030,57048,57127,18,97
8830,57090,57082,57185,-8,95
8831,57210,57194,57293,-16,83
8832,57570,57577,57673,7,103
8833,57750,57738,57845,-12,95
8834,57750,57754,57874,4,124
8835,57810,57818,57952,8,142
8836,57870,57902,57988,32,118
8837,57990,57968,58087,-22,97
8838,59190,59209,59322,19,132
8839,59370,59399,59470,29,100
8840,60150,60147,60270,-3,120
8841,60390,60404,60540,14,150
8842,62190,62180,62316,-10,126
8843,62370,62371,62461,1,91
8844,62670,62664,62752,-6,82
8845,62730,62755,62869,25,139
8846,62850,62835,62960,-15,110
8847,62910,62911,63043,1,133
8848,63510,63721,63753,211,243
8849,63990,64019,64118,29,128
8850,64170,64199,64390,29,220
8851,64350,64372,64505,22,155
8852,64590,64591,64976,1,386
8853,64890,64919,65114,29,224
8854,65070,65114,65222,44,152
8855,65190,65207,65296,17,106
8856,65850,65868,65930,18,80
8857,66270,66243,66419,-27,149
8858,67290,67278,67555,-12,265
8860,35130,35105,35292,-25,162
8861,35250,35248,35466,-2,216
8862,35790,35778,35990,-12,200
8863,35970,35995,36090,25,120
8864,36030,36041,36122,11,92
8865,36150,36178,36287,28,137
8866,36210,36224,36459,14,249
8867,36270,36257,36332,-13,62
8868,36270,36284,37360,14,1090
8869,36390,36401,36614,11,224
8870,36450,36468,36663,18,213
8871,36510,36506,36705,-4,195
8872,36630,36657,36726,27,96
8873,36870,36897,37063,27,193
8874,37050,37075,37159,25,109
8875,37050,37089,37164,39,114
8876,37110,37105,37232,-5,122
8877,37590,37599,37715,9,125
8878,37650,37677,37791,27,141
8879,38070,38063,38245,-7,175
8880,38070,38086,38168,16,98
8881,38130,38154,38309,24,179
8882,38190,38211,38338,21,148
8883,38250,38233,38351,-17,101
8884,38250,38261,38444,11,194
8885,38310,38328,38449,18,139
8886,38370,38379,38487,9,117
8887,38370,38398,38491,28,121
8888,38430,38424,38554,-6,124
8889,38550,38543,38640,-7,90
8890,38610,38639,38735,29,125
8891,40290,40317,40426,27,136
8892,40410,40426,40534,16,124
8893,40530,40546,40649,16,119
8894,41190,41186,41478,-4,288
8895,41370,41357,41457,-13,87
8896,41430,41438,41549,8,119
8897,41430,41455,41597,25,167
8898,41610,41610,41853,0,243
8899,41970,41944,42068,-26,98
8900,42030,42068,42169,38,139
8901,42330,42343,42476,13,146
8902,42570,42567,42697,-3,127
8903,42990,42990,43102,0,112
8904,43530,43526,43758,-4,228
8905,43650,43706,43936,56,286
8906,44250,44277,44495,27,245
8907,44790,44798,44924,8,134
8908,45090,45120,45266,30,176
8909,45750,45770,45870,20,120
8910,45810,45805,45950,-5,140
8911,46050,46074,46216,24,166
8912,46230,46253,46481,23,251
8913,46410,46426,46687,16,277
8914,47490,47492,47604,2,114
8915,47970,47987,48124,17,154
8916,48270,48264,48352,-6,82
8917,48270,48284,48356,14,86
8918,48390,48397,48488,7,98
8919,48870,48874,48912,4,42
8920,48870,48866,48963,-4,93
8921,48930,48918,49080,-12,150
8922,48930,48959,49027,29,97
8923,48990,48983,49135,-7,145
8924,48990,49003,49114,13,124
8925,49170,49179,49277,9,107
8926,49530,49560,49640,30,110
8927,49590,49587,49650,-3,60
8928,49590,49602,49700,12,110
8929,49710,49736,49801,26,91
8930,49770,49768,49829,-2,59
8931,49830,49829,49926,-1,96
8932,49950,49930,50045,-20,95
8933,50130,50121,50201,-9,71
8934,50310,50335,50472,25,162
8935,50790,50765,50820,-25,30
8936,50850,50853,51011,3,161
8937,50850,50872,51018,22,168
8938,51090,51065,51151,-25,61
8939,51630,51612,51798,-18,168
8940,51690,51718,51770,28,80
8941,51750,51778,51930,28,180
8942,51810,51801,51959,-9,149
8943,51870,51869,51963,-1,93
8944,51930,51918,52010,-12,80
8945,52290,52285,52556,-5,266
8946,52410,52406,52668,-4,258
8947,52530,52558,52813,28,283
8948,52530,52602,52860,72,330
8949,52710,52698,52932,-12,222
8950,52830,52823,53072,-7,242
8951,53430,53433,53786,3,356
8952,53790,53786,54002,-4,212
8953,53910,53938,54002,28,92
8954,53970,53956,54083,-14,113
8955,54090,54090,54258,0,168
8956,54150,54166,54309,16,159
8957,54330,54355,54673,25,343
8958,54390,54362,54791,-28,401
8959,55050,55069,56127,19,1077
8960,55110,55116,55346,6,236
8961,55110,55136,55397,26,287
8962,55290,55267,56390,-23,1100
8963,55290,55377,55504,87,214
8964,55350,55392,55754,42,404
8965,55410,55416,55912,6,502
8966,55470,55487,55961,17,491
8967,55530,55559,55985,29,455
8968,55590,55580,55998,-10,408
8969,55650,55633,56009,-17,359
8970,56310,56285,56396,-25,86
8971,56370,56352,56480,-18,110
8972,56490,56462,57057,-28,567
8973,56670,56661,57065,-9,395
8974,56730,56778,57194,48,464
8975,56850,56884,57102,34,252
8976,56970,56989,57223,19,253
8977,57030,57111,57240,81,210
8978,57090,57125,57219,35,129
8979,57330,57331,57538,1,208
8980,57450,57426,57642,-24,192
8981,57450,57455,57849,5,399
8982,57450,57474,57638,24,188
8983,57570,57548,57665,-22,95
8984,57570,57561,57699,-9,129
8985,57810,57791,58022,-19,212
8986,58110,58118,58176,8,66
8987,58410,58407,58523,-3,113
8988,58770,58777,58980,7,210
8989,58830,58835,58998,5,168
8990,58890,58886,59054,-4,164
8991,58890,58919,59101,29,211
8992,59190,59161,59548,-29,358
8993,59250,59252,59344,2,94
8994,59310,59288,60320,-22,1010
8995,59310,59335,59580,25,270
8996,59370,59374,59483,4,113
8997,59430,59444,59593,14,163
8998,59550,59538,59651,-12,101
8999,59550,59548,59648,-2,98
9000,59790,59796,59948,6,158
9001,59910,59926,60102,16,192
9002,60270,60261,60373,-9,103
9003,60330,60344,60497,14,167
9004,60570,60554,60622,-16,52
9005,60750,60731,60808,-19,58
9006,60750,60747,60874,-3,124
9007,60810,60829,60952,19,142
9008,60990,60968,61094,-22,104
9009,61050,61033,62050,-17,1000
9010,61170,61157,61279,-13,109
9011,61350,61358,61498,8,148
9012,61350,61378,62470,28,1120
9013,61410,61393,61653,-17,243
9014,61530,61524,61682,-6,152
9015,61590,61582,61713,-8,123
9016,61770,61751,61839,-19,69
9017,62310,62299,62450,-11,140
9018,62370,62363,62518,-7,148
9019,62490,62476,62577,-14,87
9020,62730,62748,63002,18,272
9021,62850,62868,62967,18,117
9022,62970,62967,63012,-3,42
9023,63150,63165,63501,15,351
9024,63270,63249,63351,-21,81
9025,63810,63839,63963,29,153
9026,64050,64039,64421,-11,371
9027,64170,64165,64211,-5,41
9028,64350,64370,64605,20,255
9029,64950,64976,65074,26,124
9030,65130,65153,65270,23,140
9031,68850,68863,69112,13,262
9032,75510,75486,76520,-24,1010
9033,76110,76107,76582,-3,472
9034,76230,76247,76257,17,27
9035,76350,76364,76585,14,235
9036,76350,76380,76384,30,34
9037,76470,76472,76771,2,301
9038,76590,76637,76999,47,409
9039,76650,76650,77003,0,353
9040,76710,76725,77007,15,297
9041,76710,76736,77011,26,301
9042,77130,77151,77157,21,27
9043,77190,77193,77203,3,13
9044,77190,77233,77328,43,138
9045,77310,77334,77381,24,71
9047,34830,34855,35881,25,1051
9048,35310,35303,35545,-7,235
9049,35310,35323,35582,13,272
9050,35430,35429,35626,-1,196
9051,35550,35544,35690,-6,140
9052,35610,35636,35726,26,116
9053,35790,35788,35881,-2,91
9054,35850,35881,35978,31,128
9055,35910,35906,36025,-4,115
9056,36210,36225,36265,15,55
9057,36690,36688,36780,-2,90
9058,36870,36873,37040,3,170
9059,36990,37044,37324,54,334
9060,37170,37173,37505,3,335
9061,37650,37624,37739,-26,89
9062,37710,37738,37847,28,137
9063,38910,38941,38975,31,65
9064,39030,39028,39062,-2,32
9065,39690,39694,39897,4,207
9066,39750,39734,39873,-16,123
9067,39990,39998,40048,8,58
9068,41130,41143,41242,13,112
9069,41130,41163,41250,33,120
9070,41310,41321,41397,11,87
9071,41430,41442,42460,12,1030
9072,41610,41601,41700,-9,90
9073,41790,41813,41859,23,69
9074,41850,41850,41913,0,63
9075,41910,41922,41935,12,25
9076,41970,41983,42005,13,35
9077,42690,42667,42868,-23,178
9078,42990,42965,43065,-25,75
9079,42990,42977,43122,-13,132
9080,43050,43060,43138,10,88
9081,43110,43144,43287,34,177
9082,43170,43167,43217,-3,47
9083,43170,43217,43226,47,56
9084,43170,43199,43356,29,186
9085,43290,43321,44460,31,1170
9086,43410,43426,44550,16,1140
9087,43530,43547,43565,17,35
9088,43770,43774,44800,4,1030
9089,43770,43829,43938,59,168
9090,43890,43973,44980,83,1090
9091,44790,44771,44909,-19,119
9092,44910,44912,44956,2,46
9093,45390,45434,45829,44,439
9094,45690,45793,45900,103,210
9095,45930,45937,46019,7,89
9096,47010,47024,47088,14,78
9097,47070,47094,47255,24,185
9098,47970,47998,48049,28,79
9099,48150,48123,48206,-27,56
9100,49410,49436,50183,26,773
9101,49590,49600,50213,10,623
9102,49650,49645,50247,-5,597
9103,49770,49790,50275,20,505
9104,51510,51503,51556,-7,46
9105,52170,52168,52327,-2,157
9106,52230,52234,52337,4,107
9107,52350,52332,52506,-18,156
9108,52470,52484,52562,14,92
9109,52590,52567,52941,-23,351
9110,53550,53547,53656,-3,106
9111,53790,53802,53944,12,154
9112,53910,53895,54104,-15,194
9113,53970,53994,54177,24,207
9114,54030,54035,54217,5,187
9115,54150,54206,54360,56,210
9116,54210,54219,54407,9,197
9117,54570,54569,54755,-1,185
9118,54570,54586,54799,16,229
9119,54750,54722,54853,-28,103
9120,55530,55534,55985,4,455
9121,55590,55607,55998,17,408
9122,55830,55835,56005,5,175
9123,56130,56128,56323,-2,193
9124,56130,56157,56283,27,153
9125,56190,56206,56359,16,169
9126,56310,56320,56379,10,69
9127,56490,56480,56687,-10,197
9128,56550,56566,56736,16,186
9129,56730,56710,56886,-20,156
9130,56850,56853,57109,3,259
9131,57030,57040,57207,10,177
9132,57090,57122,57254,32,164
9133,57210,57209,57359,-1,149
9134,57210,57254,57372,44,162
9135,57570,57586,57705,16,135
9136,57870,57901,58077,31,207
9137,58110,58082,58199,-28,89
9138,59010,59021,59142,11,132
9139,59490,59488,59621,-2,131
9140,59610,59637,59777,27,167
9141,59730,59723,59881,-7,151
9142,59730,59774,59910,44,180
9143,59850,59865,60040,15,190
9144,59970,59979,60205,9,235
9145,59970,60010,60236,40,266
9146,60090,60210,60385,120,295
9147,60630,60659,60741,29,111
9148,61050,61078,61225,28,175
9149,61230,61201,61603,-29,373
9150,61890,61862,61975,-28,85
9151,62970,62989,63072,19,102
9152,63090,63093,63275,3,185
9153,63630,63662,63776,32,146
9154,64470,64470,64575,0,105
9155,64650,64670,65951,20,1301
9156,65910,65920,66958,10,1048
9157,66090,66096,67630,6,1540
9158,67470,67474,67563,4,93
9159,67590,67590,67676,0,86
9160,68730,68748,69126,18,396
9161,69450,69493,70760,43,1310
9162,70890,70907,72190,17,1300
9163,71730,71750,72850,20,1120
9164,72690,72689,72816,-1,126
9165,32430,32422,32549,-8,119
9166,32850,32864,33057,14,207
9167,32970,32982,33155,12,185
9168,33150,33168,33311,18,161
9169,34110,34086,34516,-24,406
9170,34230,34260,34563,30,333
9171,34830,34849,34900,19,70
9172,34950,34920,35033,-30,83
9173,34950,34959,35191,9,241
9174,35010,35034,35210,24,200
9175,35070,35072,35198,2,128
9176,35070,35086,35222,16,152
9177,35730,35735,35987,5,257
9178,35790,35791,36009,1,219
9179,35790,35800,36175,10,385
9180,36030,36056,36277,26,247
9181,36330,36352,36403,22,73
9182,36930,36927,36988,-3,58
9183,36990,36968,37016,-22,26
9184,36990,37020,37063,30,73
9185,37050,37082,37163,32,113
9186,37410,37380,37543,-30,133
9187,37950,37931,38069,-19,119
9188,38190,38193,38331,3,141
9189,38250,38268,38369,18,119
9190,38310,38330,38432,20,122
9191,38370,38385,38562,15,192
9192,38790,38763,39007,-27,217
9193,39450,39434,39573,-16,123
9194,39750,39783,40004,33,254
9195,40110,40116,40194,6,84
9196,40290,40284,40373,-6,83
9197,40530,40531,40585,1,55
9198,42270,42277,42670,7,400
9199,42390,42429,43279,39,889
9200,42810,42831,43364,21,554
9201,43710,43702,43746,-8,36
9202,43830,43821,43874,-9,44
9203,45150,45126,45327,-24,177
9204,45270,45333,45425,63,155
9205,45690,45669,45960,-21,270
9206,46710,46736,46861,26,151
9207,46890,46865,47035,-25,145
9208,47070,47095,47263,25,193
9209,47130,47154,47385,24,255
9210,47490,47470,48480,-20,990
9211,47670,47649,47846,-21,176
9212,48510,48539,49560,29,1050
9213,48630,48630,48689,0,59
9214,49230,49231,49426,1,196
9215,49290,49300,50310,10,1020
9216,49770,49746,49963,-24,193
9217,49830,49826,49964,-4,134
9218,50070,50072,50112,2,42
9219,50610,50625,51760,15,1150
9220,50910,50939,51036,29,126
9221,50970,50946,51081,-24,111
9222,51030,51048,51090,18,60
9223,51150,51151,51458,1,308
9224,51870,51858,51913,-12,43
9225,52110,52090,52148,-20,38
9226,52410,52404,52579,-6,169
9227,53670,53654,53736,-16,66
9228,54030,54025,54109,-5,79
9229,54030,54053,54137,23,107
9230,54330,54338,54366,8,36
9231,54810,54797,54954,-13,144
9232,54930,54958,55072,28,142
9233,55650,55647,55762,-3,112
9234,55890,55888,55989,-2,99
9235,56430,56437,56572,7,142
9236,56550,56569,56708,19,158
9237,56670,56651,56808,-19,138
9238,57750,57756,57928,6,178
9239,57810,57801,57966,-9,156
9240,58170,58183,58312,13,142
9241,58230,58220,58315,-10,85
9242,58350,58344,58508,-6,158
9243,58350,58357,58525,7,175
9244,58650,58631,58667,-19,17
9245,58710,58697,58838,-13,128
9246,58830,58806,58934,-24,104
9247,58950,58932,59049,-18,99
9248,59310,59300,59475,-10,165
9249,59490,59489,59614,-1,124
9250,59550,59525,59761,-25,211
9251,59550,59550,59756,0,206
9252,59850,59875,60059,25,209
9253,59910,59922,60204,12,294
9254,60570,60588,60628,18,58
9255,60750,60792,60900,42,150
9256,61890,61887,61949,-3,59
9257,63630,63607,63799,-23,169
9258,63810,63814,63988,4,178
9259,63930,63905,64118,-25,188
9260,64230,64213,64370,-17,140
9261,64230,64240,64441,10,211
9262,64410,64395,64541,-15,131
9263,64590,64569,64686,-21,96
9264,66090,66114,66239,24,149
9265,67470,67482,67615,12,145
9266,67770,67759,67981,-11,211
9267,68250,68226,68401,-24,151
9268,34170,34154,34601,-16,431
9269,34230,34252,34292,22,62
9270,34650,34663,34774,13,124
9271,36330,36318,36434,-12,104
9272,39030,39040,39092,10,62
9273,39210,39230,39329,20,119
9274,39810,39834,39980,24,170
9275,40110,40134,40299,24,189
9276,40950,40971,41239,21,289
9277,41070,41064,41260,-6,190
9278,41070,41100,41318,30,248
9279,41310,41323,41467,13,157
9280,41910,41893,42003,-17,93
9281,42930,42927,43014,-3,84
9282,43410,43409,43595,-1,185
9283,43710,43704,43750,-6,40
9284,43830,43846,43889,16,59
9285,44790,44813,45030,23,240
9286,44910,44909,45110,-1,200
9287,44910,44932,45172,22,262
9288,45090,45141,45246,51,156
9289,45330,45315,45496,-15,166
9290,45690,45685,45847,-5,157
9291,45810,45793,45877,-17,67
9292,45870,45880,46214,10,344
9293,45930,45962,46266,32,336
9294,46110,46096,46302,-14,192
9295,46230,46251,46320,21,90
9296,46350,46371,46446,21,96
9297,46950,46961,47052,11,102
9298,47850,47882,47986,32,136
9299,49110,49123,49253,13,143
9300,49290,49289,49413,-1,123
9301,49350,49333,49418,-17,68
9302,49530,49556,49617,26,87
9303,49650,49669,50680,19,1030
9304,49710,49698,49882,-12,172
9305,50130,50132,50287,2,157
9306,50310,50288,50323,-22,13
9307,50730,50719,50893,-11,163
9308,50850,50872,50909,22,59
9309,51210,51235,51341,25,131
9310,51390,51365,51482,-25,92
9311,52290,52262,52327,-28,37
9312,52590,52571,52662,-19,72
9313,52650,52649,52991,-1,341
9314,52950,52927,53022,-23,72
9315,54150,54124,54612,-26,462
9316,54690,54703,54853,13,163
9317,55410,55423,55456,13,46
9318,55590,55615,55696,25,106
9319,56190,56213,56308,23,118
9320,57330,57314,57453,-16,123
9321,57450,57470,57557,20,107
9322,57510,57521,57649,11,139
9323,57570,57592,57886,22,316
9324,57630,57603,57905,-27,275
9325,57870,57862,58068,-8,198
9326,57930,57934,58176,4,246
9327,57930,57962,58096,32,166
9328,57990,57993,58180,3,190
9329,58470,58496,58737,26,267
9330,58710,58725,59024,15,314
9331,58890,58896,59081,6,191
9332,59430,59405,59518,-25,88
9333,59610,59617,59751,7,141
9334,59670,59665,59908,-5,238
9335,59850,59829,60023,-21,173
9336,59850,59856,60184,6,334
9337,59850,59882,60316,32,466
9338,60030,60041,60325,11,295
9339,60030,60065,60346,35,316
9340,60090,60088,60433,-2,343
9341,60150,60139,60380,-11,230
9342,60270,60274,60436,4,166
9343,60630,60638,60809,8,179
9344,60810,60805,60876,-5,66
9345,61530,61521,61678,-9,148
9346,61650,61634,62183,-16,533
9347,62130,62139,62202,9,72
9348,62610,62640,62835,30,225
9349,63030,63020,63452,-10,422
9350,63390,63384,63470,-6,80
9351,64050,64076,64178,26,128
9352,64290,64277,64725,-13,435
9353,72390,72365,73370,-25,980
9354,72390,72394,72751,4,361
9355,72990,72977,73292,-13,302
9356,34230,34246,34525,16,295
9357,34410,34404,34680,-6,270
9358,34650,34647,34840,-3,190
9359,34770,34766,34970,-4,200
9360,36270,36299,36734,29,464
9361,36450,36491,36768,41,318
9362,36570,36611,36747,41,177
9363,36750,36755,37516,5,766
9364,36810,36859,37654,49,844
9365,36930,37280,37560,350,630
9366,37170,37337,37632,167,462
9367,38010,38169,38352,159,342
9368,38370,38350,38404,-20,34
9369,38430,38440,38499,10,69
9370,39090,39123,39423,33,333
9371,39270,39252,40300,-18,1030
9372,39570,39551,39604,-19,34
9373,39630,39643,40151,13,521
9374,39870,39876,40148,6,278
9375,40230,40214,40311,-16,81
9376,40410,40403,40646,-7,236
9377,41490,41515,41661,25,171
9378,41730,41734,41842,4,112
9379,41790,41772,41862,-18,72
9380,42450,42471,42594,21,144
9381,42450,42496,42678,46,228
9382,42570,42570,42753,0,183
9383,43050,43049,43237,-1,187
9384,43110,43176,43270,66,160
9385,44190,44209,44358,19,168
9386,46770,46765,47135,-5,365
9387,47070,47063,47282,-7,212
9388,47550,47527,47622,-23,72
9389,47670,47642,47773,-28,103
9390,47910,47905,48100,-5,190
9391,48210,48231,48358,21,148
9392,48390,48364,48527,-26,137
9393,48390,48393,48494,3,104
9394,48390,48409,48671,19,281
9395,48810,48805,48853,-5,43
9396,48930,48957,49057,27,127
9397,49170,49176,49427,6,257
9398,49170,49194,49440,24,270
9399,49290,49282,50310,-8,1020
9400,49410,49437,49543,27,133
9401,49470,49448,50490,-22,1020
9402,49590,49562,49628,-28,38
9403,49650,49650,49793,0,143
9404,49830,49827,49924,-3,94
9405,50070,50050,50197,-20,127
9406,50190,50218,50309,28,119
9407,50250,50241,50337,-9,87
9408,50250,50251,50347,1,97
9409,50550,50539,50583,-11,33
9410,51270,51243,51370,-27,100
9411,51510,51504,51662,-6,152
9412,51750,51749,51965,-1,215
9413,51810,51805,51921,-5,111
9414,51930,51909,52104,-21,174
9415,53310,53312,53500,2,190
9416,54510,54516,54969,6,459
9417,54930,54927,55192,-3,262
9418,55410,55426,55575,16,165
9419,55590,55565,55697,-25,107
9420,55710,55693,55748,-17,38
9421,55770,55796,55869,26,99
9422,56010,56024,56189,14,179
9423,56310,56316,56395,6,85
9424,56490,56514,56588,24,98
9425,56610,56619,56724,9,114
9426,57150,57130,57278,-20,128
9427,57510,57490,57571,-20,61
9428,57810,57837,58019,27,209
9429,58290,58314,58484,24,194
9430,58470,58448,58633,-22,163
9431,59010,59022,59159,12,149
9432,59130,59134,59371,4,241
9433,59250,59232,59401,-18,151
9434,59730,59732,59964,2,234
9435,59910,59937,60089,27,179
9436,60030,60019,60340,-11,310
9437,60150,60145,60424,-5,274
9438,60270,60250,60598,-20,328
9439,60270,60297,60493,27,223
9440,60510,60511,60792,1,282
9441,60570,60581,60963,11,393
9442,60690,60681,61002,-9,312
9443,60930,60954,61218,24,288
9444,60990,61001,61229,11,239
9445,61050,61078,61322,28,272
9446,61230,61227,61352,-3,122
9447,61530,61555,61810,25,280
9448,61650,61641,61827,-9,177
9449,61650,61659,62192,9,542
9450,61710,61740,62083,30,373
9451,62010,62096,62312,86,302
9452,62190,62189,62388,-1,198
9453,62370,62387,62559,17,189
9454,62850,62865,63014,15,164
9455,63090,63095,63235,5,145
9456,63210,63222,63382,12,172
9457,65490,65462,65552,-28,62
9458,66030,66097,66309,67,279
9459,66330,66316,66453,-14,123
9460,66510,66492,66729,-18,219
9461,68250,68259,68751,9,501
9462,69810,69838,69941,28,131
9463,70410,70483,70693,73,283
19571,29970,29995,30136,25,166
19572,30090,30136,30211,46,121
19573,30930,31020,31131,90,201
19574,31350,31339,31391,-11,41
19575,31530,31556,31943,26,413
19576,31590,31585,31947,-5,357
19577,31650,31694,31959,44,309
19578,31710,31785,31962,75,252
19579,32130,32138,32691,8,561
19580,32190,32274,32405,84,215
19581,32370,32411,33420,41,1050
19582,32430,32538,32652,108,222
19583,32550,32562,32659,12,109
19584,32850,32855,33204,5,354
19585,32850,32878,33207,28,357
19586,32910,32905,33210,-5,300
19587,32910,32965,33372,55,462
19588,32910,32975,33394,65,484
19589,32970,32987,33414,17,444
19590,32970,32995,33443,25,473
19591,33030,33107,33268,77,238
19592,33030,33118,33459,88,429
19593,33030,33125,33553,95,523
19594,33090,33128,33347,38,257
19595,33090,33142,33491,52,401
19596,33090,33157,33521,67,431
19597,33150,33167,33540,17,390
19598,33330,33400,33555,70,225
19599,33630,33636,33754,6,124
19600,33630,33647,33937,17,307
19601,33630,33658,33941,28,311
19602,33750,33735,33945,-15,195
19603,33750,33743,34055,-7,305
19604,33750,33782,34058,32,308
19605,33750,33789,34062,39,312
19606,33750,33798,33989,48,239
19607,33750,33803,34065,53,315
19608,33870,33944,34075,74,205
19609,33930,33948,34083,18,153
19610,33990,34002,34118,12,128
19611,33990,34011,34136,21,146
19612,34050,34054,34224,4,174
19613,34050,34059,34283,9,233
19614,34050,34065,34176,15,126
19615,34170,34167,34300,-3,130
19616,34170,34175,35190,5,1020
19617,34170,34182,34323,12,153
19618,34170,34194,34344,24,174
19619,34230,34257,34392,27,162
19620,34350,34337,34399,-13,49
19621,34350,34345,34419,-5,69
19622,34350,34348,34464,-2,114
19623,34350,34355,34522,5,172
19624,34410,34431,34507,21,97
19625,34470,34471,34599,1,129
19626,34470,34480,34575,10,105
19627,34470,34491,34592,21,122
19628,34530,34530,34607,0,77
19629,34530,34537,34638,7,108
19630,34530,34563,35570,33,1040
19631,34650,34639,34667,-11,17
19632,34710,34690,34739,-20,29
19633,34710,34734,34766,24,56
19634,34710,34738,34802,28,92
19635,34770,34766,34834,-4,64
19636,34770,34777,34858,7,88
19637,34770,34802,34859,32,89
19638,34830,34813,34880,-17,50
19639,34890,34880,34940,-10,50
19640,34890,34887,34964,-3,74
19641,34890,34921,34982,31,92
19642,34950,34941,34988,-9,38
19643,35070,35078,35357,8,287
19644,35070,35088,35564,18,494
19645,35130,35151,35568,21,438
19646,35190,35216,35365,26,175
19647,35250,35223,35381,-27,131
19648,35250,35271,35580,21,330
19649,35310,35300,35386,-10,76
19650,35310,35329,35821,19,511
19651,35370,35355,36390,-15,1020
19652,35370,35397,35638,27,268
19653,35370,35401,35828,31,458
19654,35370,35405,35658,35,288
19655,35430,35407,35666,-23,236
19656,35430,35434,35669,4,239
19657,35430,35438,35673,8,243
19658,35430,35462,35677,32,247
19659,35490,35474,35832,-16,342
19660,35490,35484,35835,-6,345
19661,35490,35494,35718,4,228
19662,35490,35510,35735,20,245
19663,35490,35515,35837,25,347
19664,35550,35545,35783,-5,233
19665,35550,35577,35808,27,258
19666,35610,35585,35828,-25,218
19667,35670,35763,35854,93,184
19668,35670,35765,35961,95,291
19669,35730,35778,35895,48,165
19670,35790,35781,35940,-9,150
19671,35790,35785,35976,-5,186
19672,35790,35786,35986,-4,196
19673,35790,35810,36004,20,214
19674,35790,35814,36021,24,231
19675,35850,35853,36026,3,176
19676,35850,35855,36046,5,196
19677,35910,35921,36055,11,145
19678,35910,35923,36069,13,159
19679,35910,35930,36095,20,185
19680,35910,35931,36219,21,309
19681,35910,35938,36102,28,192
19682,35970,35988,36063,18,93
19683,36030,36066,36257,36,227
19684,36030,36077,36221,47,191
19685,36030,36080,36308,50,278
19686,36090,36090,36236,0,146
19687,36090,36123,36311,33,221
19688,36090,36133,36313,43,223
19689,36150,36141,36314,-9,164
19690,36150,36158,36316,8,166
19691,36210,36277,36377,67,167
19692,36210,36281,36346,71,136
19693,36330,36330,36410,0,80
19694,36330,36346,36436,16,106
19695,36330,36367,36459,37,129
19696,36390,36388,36454,-2,64
19697,36390,36408,36457,18,67
19698,36450,36440,36479,-10,29
19699,36450,36467,36488,17,38
19700,36510,36487,36531,-23,21
19701,36570,36541,36679,-29,109
19702,36570,36551,37588,-19,1018
19703,36570,36555,36710,-15,140
19704,36570,36556,37592,-14,1022
19705,36570,36561,36734,-9,164
19706,36570,36566,36741,-4,171
19707,36570,36581,37598,11,1028
19708,36570,36592,36771,22,201
19709,36570,36601,36781,31,211
19710,36570,36609,37601,39,1031
19711,36570,36624,36854,54,284
19712,36630,36636,37606,6,976
19713,36630,36645,36889,15,259
19714,36630,36649,37930,19,1300
19715,36690,36774,37609,84,919
19716,36690,36790,37165,100,475
19717,36690,36829,37171,139,481
19718,36750,36846,37618,96,868
19719,36810,36871,37355,61,545
19720,36810,36894,37620,84,810
19721,36810,36908,37930,98,1120
19722,36810,36916,37627,106,817
19723,36870,36927,37630,57,760
19724,36870,36935,37630,65,760
19725,36930,36950,37635,20,705
19726,36930,36959,37637,29,707
19727,36990,37036,37654,46,664
19728,36990,37043,37655,53,665
19729,37050,37239,37686,189,636
19730,37050,37249,37699,199,649
19731,37110,37252,37700,142,590
19732,37110,37260,37685,150,575
19733,37110,37263,37779,153,669
19734,37110,37273,37720,163,610
19735,37170,37278,37783,108,613
19736,37170,37289,37788,119,618
19737,37230,37301,37738,71,508
19738,37230,37340,37786,110,556
19739,37290,37368,37788,78,498
19740,37290,37384,37763,94,473
19741,37290,37404,37793,114,503
19742,37290,37420,37851,130,561
19743,37350,37422,37774,72,424
19744,37350,37425,37936,75,586
19745,37410,37435,37979,25,569
19746,37410,37450,37840,40,430
19747,37410,37458,37833,48,423
19748,37410,37465,37983,55,573
19749,37470,37475,37987,5,517
19750,37470,37478,37865,8,395
19751,37530,37536,38069,6,539
19752,37530,37552,37894,22,364
19753,37590,37635,37997,45,407
19754,37650,37677,38970,27,1320
19755,37650,37689,38032,39,382
19756,37650,37701,38065,51,415
19757,37650,37706,38116,56,466
19758,37710,37712,38133,2,423
19759,37710,37814,38157,104,447
19760,37770,37820,38174,50,404
19761,37770,37829,38205,59,435
19762,37770,37876,39190,106,1420
19763,37770,37898,38247,128,477
19764,37770,37909,39260,139,1490
19765,37770,37918,38274,148,504
19766,37770,37921,38328,151,558
19767,37770,37928,38191,158,421
19768,37770,37929,38208,159,438
19769,37770,37933,38491,163,721
19770,37830,37938,38359,108,529
19771,37830,37950,38376,120,546
19772,37830,37953,38497,123,667
19773,37890,37964,38516,74,626
19774,37890,37972,38395,82,505
19775,37890,37973,38451,83,561
19776,37890,37976,38522,86,632
19777,37890,37983,38542,93,652
19778,37950,37989,39440,39,1490
19779,37950,37993,38468,43,518
19780,37950,37996,38557,46,607
19781,37950,38005,38567,55,617
19782,37950,38015,38575,65,625
19783,37950,38023,38582,73,632
19784,37950,38030,38591,80,641
19785,38010,38041,38578,31,568
19786,38010,38046,38597,36,587
19787,38010,38051,38605,41,595
19788,38010,38062,38562,52,552
19789,38070,38065,38578,-5,508
19790,38070,38067,39570,-3,1500
19791,38070,38073,38614,3,544
19792,38070,38080,38634,10,564
19793,38070,38107,38605,37,535
19794,38070,38115,38607,45,537
19795,38130,38118,38648,-12,518
19796,38130,38137,38633,7,503
19797,38130,38148,38655,18,525
19798,38130,38160,38654,30,524
19799,38130,38174,38675,44,545
19800,38130,38195,38668,65,538
19801,38190,38210,38675,20,485
19802,38190,38221,38722,31,532
19803,38190,38226,38679,36,489
19804,38190,38241,38679,51,489
19805,38190,38265,38686,75,496
19806,38190,38270,38694,80,504
19807,38190,38279,39680,89,1490
19808,38250,38286,38701,36,451
19809,38250,38293,38724,43,474
19810,38250,38298,39700,48,1450
19811,38250,38306,38715,56,465
19812,38250,38322,38722,72,472
19813,38250,38331,38729,81,479
19814,38310,38333,38733,23,423
19815,38310,38341,39730,31,1420
19816,38310,38349,38742,39,432
19817,38310,38355,39740,45,1430
19818,38310,38361,38771,51,461
19819,38310,38366,38761,56,451
19820,38310,38374,38762,64,452
19821,38310,38378,38774,68,464
19822,38370,38388,38785,18,415
19823,38370,38392,38791,22,421
19824,38430,38528,38795,98,365
19825,38430,38545,39790,115,1360
19826,38430,38559,38812,129,382
19827,38430,38564,38807,134,377
19828,38430,38576,38814,146,384
19829,38490,38589,38864,99,374
19830,38490,38600,38867,110,377
19831,38490,38635,38822,145,332
19832,38490,38637,38840,147,350
19833,38550,38639,38845,89,295
19834,38550,38643,38836,93,286
19835,38550,38643,38859,93,309
19836,38550,38646,38934,96,384
19837,38550,38650,38772,100,222
19838,38610,38654,38856,44,246
19839,38610,38657,38876,47,266
19840,38610,38657,38866,47,256
19841,38610,38659,38874,49,264
19842,38610,38659,38911,49,301
19843,38610,38661,38880,51,270
19844,38610,38664,38899,54,289
19845,38670,38665,38898,-5,228
19846,38670,38692,38917,22,247
19847,38670,38698,38902,28,232
19848,38730,38729,38924,-1,194
19849,38730,38736,38929,6,199
19850,38730,38750,38932,20,202
19851,38730,38818,38969,88,239
19852,38790,38820,38972,30,182
19853,38790,38822,38984,32,194
19854,38790,38826,38952,36,162
19855,38790,38830,38951,40,161
19856,38790,38830,39127,40,337
19857,38910,38912,38994,2,84
19858,38910,38915,39009,5,99
19859,38910,38919,39004,9,94
19860,38910,38931,39016,21,106
19861,38910,38939,39369,29,459
19862,38970,38947,39023,-23,53
19863,38970,39007,39093,37,123
19864,38970,38994,39101,24,131
19865,38970,39029,39171,59,201
19866,39030,39034,39175,4,145
19867,39030,39038,39119,8,89
19868,39030,39041,39178,11,148
19869,39030,39059,39130,29,100
19870,39090,39066,39182,-24,92
19871,39090,39098,39192,8,102
19872,39090,39106,39202,16,112
19873,39090,39113,39229,23,139
19874,39150,39141,39231,-9,81
19875,39150,39155,39216,5,66
19876,39150,39157,39236,7,86
19877,39150,39184,39265,34,115
19878,39150,39194,39290,44,140
19879,39210,39202,39270,-8,60
19880,39210,39205,39300,-5,90
19881,39270,39268,39422,-2,152
19882,39270,39276,39423,6,153
19883,39270,39284,39425,14,155
19884,39330,39306,39413,-24,83
19885,39330,39314,39530,-16,200
19886,39330,39333,39417,3,87
19887,39330,39340,39430,10,100
19888,39330,39350,39510,20,180
19889,39390,39444,39530,54,140
19890,39390,39449,39826,59,436
19891,39450,39456,39829,6,379
19892,39450,39461,39833,11,383
19893,39450,39465,39837,15,387
19894,39450,39473,39841,23,391
19895,39510,39504,39863,-6,353
19896,39510,39510,39633,0,123
19897,39510,39511,39870,1,360
19898,39510,39518,39873,8,363
19899,39510,39525,39693,15,183
19900,39510,39531,39877,21,367
19901,39510,39537,39716,27,206
19902,39510,39540,39889,30,379
19903,39570,39608,39735,38,165
19904,39630,39609,39901,-21,271
19905,39630,39615,39889,-15,259
19906,39630,39622,39755,-8,125
19907,39630,39624,39893,-6,263
19908,39630,39693,39815,63,185
19909,39690,39699,39897,9,207
19910,39690,39711,40730,21,1040
19911,39690,39725,39967,35,277
19912,39690,39771,39962,81,272
19913,39690,39751,40011,61,321
19914,39690,39776,40252,86,562
19915,39750,39781,40255,31,505
19916,39750,39785,40261,35,511
19917,39750,39787,40264,37,514
19918,39810,39792,40840,-18,1030
19919,39810,39797,40278,-13,468
19920,39810,39802,40289,-8,479
19921,39810,39816,40286,6,476
19922,39810,39824,40113,14,303
19923,39810,39826,40200,16,390
19924,39810,39842,40140,32,330
19925,39870,39882,40291,12,421
19926,39870,39890,40158,20,288
19927,39870,39894,40293,24,423
19928,39870,39901,40300,31,430
19929,39870,39907,40226,37,356
19930,39930,39919,40209,-11,279
19931,39930,39921,40214,-9,284
19932,39930,39953,40218,23,288
19933,39930,39957,40232,27,302
19934,39930,39968,40319,38,389
19935,39990,39999,40420,9,430
19936,39990,40003,40433,13,443
19937,39990,40007,41440,17,1450
19938,39990,40010,41590,20,1600
19939,39990,40014,40599,24,609
19940,39990,40018,40608,28,618
19941,39990,40021,40620,31,630
19942,40050,40023,40637,-27,587
19943,40050,40096,40640,46,590
19944,40050,40107,41650,57,1600
19945,40050,40111,40663,61,613
19946,40110,40117,40677,7,567
19947,40110,40121,40682,11,572
19948,40110,40122,40784,12,674
19949,40110,40129,40712,19,602
19950,40110,40135,40725,25,615
19951,40110,40137,40735,27,625
19952,40110,40141,40741,31,631
19953,40110,40146,40785,36,675
19954,40170,40151,40787,-19,617
19955,40170,40222,40790,52,620
19956,40230,40228,40793,-2,563
19957,40230,40232,40804,2,574
19958,40230,40232,40805,2,575
19959,40230,40238,40851,8,621
19960,40230,40285,40825,55,595
19961,40290,40290,41820,0,1530
19962,40290,40294,40846,4,556
19963,40290,40299,40850,9,560
19964,40290,40301,40861,11,571
19965,40290,40315,40870,25,580
19966,40290,40322,40685,32,395
19967,40290,40331,40894,41,604
19968,40350,40338,40871,-12,521
19969,40350,40342,40891,-8,541
19970,40350,40345,40894,-5,544
19971,40350,40347,40903,-3,553
19972,40350,40351,41164,1,814
19973,40350,40364,40938,14,588
19974,40350,40367,40755,17,405
19975,40410,40487,40923,77,513
19976,40410,40493,40918,83,508
19977,40410,40503,40929,93,519
19978,40470,40508,40925,38,455
19979,40470,40513,40938,43,468
19980,40470,40515,40941,45,471
19981,40470,40518,40848,48,378
19982,40470,40522,41167,52,697
19983,40470,40526,41170,56,700
19984,40470,40529,40972,59,502
19985,40470,40530,41174,60,704
19986,40530,40534,41177,4,647
19987,40530,40540,40969,10,439
19988,40530,40543,41180,13,650
19989,40530,40548,40985,18,455
19990,40530,40550,41183,20,653
19991,40530,40560,41187,30,657
19992,40530,40572,40979,42,449
19993,40590,40757,41190,167,600
19994,40590,40785,41010,195,420
19995,40590,40842,41199,252,609
19996,40650,40845,41376,195,726
19997,40650,40854,41385,204,735
19998,40650,40862,41463,212,813
19999,40650,40866,41400,216,750
20000,40650,40873,41410,223,760
20001,40650,40881,41420,231,770
20002,40650,40888,41451,238,801
20003,40650,40894,42040,244,1390
20004,40650,40901,41465,251,815
20005,40650,40909,41478,259,828
20006,40650,40917,41489,267,839
20007,40710,40924,41491,214,781
20008,40710,40927,41502,217,792
20009,40710,40935,41503,225,793
20010,40770,40938,41509,168,739
20011,40770,40940,41731,170,961
20012,40770,40948,41531,178,761
20013,40770,40956,42130,186,1360
20014,40770,40965,41534,195,764
20015,40770,40972,41539,202,769
20016,40770,40980,42150,210,1380
20017,40830,40986,41550,156,720
20018,40830,40994,42160,164,1330
20019,40830,41005,41566,175,736
20020,40830,41012,41750,182,920
20021,40830,41022,41585,192,755
20022,40830,41030,41571,200,741
20023,40890,41032,41763,142,873
20024,40890,41040,41589,150,699
20025,40890,41047,42280,157,1390
20026,40890,41053,41677,163,787
20027,40890,41061,41802,171,912
20028,40950,41070,41809,120,859
20029,40950,41076,41806,126,856
20030,40950,41082,41809,132,859
20031,40950,41089,41811,139,861
20032,40950,41097,41656,147,706
20033,40950,41100,41817,150,867
20034,40950,41108,41694,158,744
20035,40950,41112,41825,162,875
20036,41010,41126,41832,116,822
20037,41010,41135,41834,125,824
20038,41070,41146,41836,76,766
20039,41070,41153,41807,83,737
20040,41070,41166,41841,96,771
20041,41070,41173,41840,103,770
20042,41070,41183,41846,113,776
20043,41070,41188,41845,118,775
20044,41070,41191,41846,121,776
20045,41070,41193,41852,123,782
20046,41130,41196,41853,66,723
20047,41130,41200,41856,70,726
20048,41130,41205,41856,75,726
20049,41130,41207,41797,77,667
20050,41190,41208,41858,18,668
20051,41190,41211,42570,21,1380
20052,41190,41213,41862,23,672
20053,41190,41218,42002,28,812
20054,41190,41221,42002,31,812
20055,41190,41226,42040,36,850
20056,41250,41314,42010,64,760
20057,41250,41330,42015,80,765
20058,41250,41347,42015,97,765
20059,41250,41368,42017,118,767
20060,41250,41373,42020,123,770
20061,41250,41375,42024,125,774
20062,41250,41378,42028,128,778
20063,41250,41382,42030,132,780
20064,41310,41384,41943,74,633
20065,41310,41385,41943,75,633
20066,41310,41386,42040,76,730
20067,41310,41388,41958,78,648
20068,41310,41390,41958,80,648
20069,41310,41390,41961,80,651
20070,41370,41392,41977,22,607
20071,41370,41465,42033,95,663
20072,41490,41474,41986,-16,496
20073,41490,41477,42036,-13,546
20074,41490,41732,42068,242,578
20075,41490,41735,42082,245,592
20076,41550,41740,42078,190,528
20077,41550,41751,42760,201,1210
20078,41550,41762,42242,212,692
20079,41610,41781,42253,171,643
20080,41610,42024,42185,414,575
20081,41610,41785,42144,175,534
20082,41610,42027,42228,417,618
20083,41610,41792,42250,182,640
20084,41670,41797,42249,127,579
20085,41670,41810,42200,140,530
20086,41670,41816,42256,146,586
20087,41670,41826,42256,156,586
20088,41670,41829,42288,159,618
20089,41730,41836,42260,106,530
20090,41730,41842,42300,112,570
20091,41790,41843,42451,53,661
20092,41790,41855,42459,65,669
20093,41790,41864,42454,74,664
20094,41790,41869,42457,79,667
20095,41790,41878,42464,88,674
20096,41790,41892,42467,102,677
20097,41790,41896,42471,106,681
20098,41790,41901,42480,111,690
20099,41850,41912,42481,62,631
20100,41850,41916,42366,66,516
20101,41850,41925,42940,75,1090
20102,41850,41934,42488,84,638
20103,41850,41938,42491,88,641
20104,41850,41948,42392,98,542
20105,41910,41958,42500,48,590
20106,41910,41963,42499,53,589
20107,41910,41969,42405,59,495
20108,41910,41978,42503,68,593
20109,41910,42067,42433,157,523
20110,41970,41987,42506,17,536
20111,41970,41993,42509,23,539
20112,41970,41998,42453,28,483
20113,41970,42072,42484,102,514
20114,42030,42004,42513,-26,483
20115,42030,42076,42525,46,495
20116,42030,42035,42572,5,542
20117,42030,42077,42578,47,548
20118,42030,42079,42583,49,553
20119,42030,42080,42624,50,594
20120,42090,42082,42557,-8,467
20121,42090,42082,42590,-8,500
20122,42090,42085,42595,-5,505
20123,42090,42087,42598,-3,508
20124,42090,42100,42605,10,515
20125,42090,42111,42613,21,523
20126,42090,42121,42673,31,583
20127,42090,42134,43320,44,1230
20128,42090,42151,42675,61,585
20129,42090,42158,42715,68,625
20130,42090,42162,42699,72,609
20131,42090,42165,42697,75,607
20132,42150,42168,42702,18,552
20133,42150,42174,42691,24,541
20134,42150,42174,42823,24,673
20135,42150,42203,42759,53,609
20136,42150,42217,42767,67,617
20137,42150,42232,42740,82,590
20138,42150,42233,42763,83,613
20139,42150,42242,42783,92,633
20140,42150,42245,42760,95,610
20141,42210,42247,42875,37,665
20142,42210,42252,42787,42,577
20143,42210,42256,42877,46,667
20144,42210,42258,42885,48,675
20145,42210,42262,42803,52,593
20146,42210,42263,42883,53,673
20147,42210,42266,42878,56,668
20148,42210,42267,42886,57,676
20149,42210,42269,42893,59,683
20150,42210,42273,42893,63,683
20151,42210,42308,42875,98,665
20152,42270,42321,42914,51,644
20153,42270,42328,42900,58,630
20154,42270,42337,42883,67,613
20155,42270,42345,42912,75,642
20156,42270,42349,42916,79,646
20157,42270,42353,42918,83,648
20158,42330,42357,42955,27,625
20159,42330,42360,42953,30,623
20160,42330,42364,42957,34,627
20161,42330,42369,42941,39,611
20162,42390,42369,43860,-21,1470
20163,42390,42375,43117,-15,727
20164,42390,42391,43123,1,733
20165,42390,42399,42956,9,566
20166,42390,42401,42959,11,569
20167,42390,42406,42959,16,569
20168,42390,42410,43126,20,736
20169,42390,42420,43130,30,740
20170,42390,42432,42971,42,581
20171,42390,42434,42986,44,596
20172,42450,42436,43133,-14,683
20173,42450,42639,43143,189,693
20174,42450,42645,43147,195,697
20175,42510,42652,43008,142,498
20176,42510,42654,44320,144,1810
20177,42510,42692,43182,182,672
20178,42510,42698,43185,188,675
20179,42570,42702,43171,132,601
20180,42570,42705,44020,135,1450
20181,42570,42708,43371,138,801
20182,42630,42713,43376,83,746
20183,42690,42715,43379,25,689
20184,42690,42719,43383,29,693
20185,42690,42720,43386,30,696
20186,42750,42727,43116,-23,366
20187,42750,42778,43390,28,640
20188,42750,42959,43396,209,646
20189,42750,42960,43424,210,674
20190,42750,42965,43455,215,705
20191,42750,42968,43474,218,724
20192,42750,42970,43477,220,727
20193,42750,42974,43487,224,737
20194,42750,42979,43510,229,760
20195,42750,42985,43515,235,765
20196,42750,42988,43517,238,767
20197,42750,42990,43527,240,777
20198,42750,42992,43535,242,785
20199,42810,42996,43545,186,735
20200,42810,43003,43552,193,742
20201,42810,43009,43556,199,746
20202,42810,43014,43565,204,755
20203,42810,43020,43684,210,874
20204,42810,43025,43579,215,769
20205,42810,43030,43588,220,778
20206,42810,43034,43642,224,832
20207,42870,43038,43600,168,730
20208,42870,43039,43609,169,739
20209,42870,43044,43615,174,745
20210,42870,43044,43641,174,771
20211,42870,43048,43650,178,780
20212,42870,43052,43653,182,783
20213,42870,43055,43660,185,790
20214,42870,43059,44190,189,1320
20215,42930,43062,43672,132,742
20216,42930,43062,43678,132,748
20217,42930,43066,43687,136,757
20218,42930,43069,43695,139,765
20219,42930,43072,43697,142,767
20220,42930,43073,43705,143,775
20221,42930,43077,43774,147,844
20222,42930,43086,43731,156,801
20223,42990,43095,43727,105,737
20224,42990,43102,43735,112,745
20225,42990,43108,43764,118,774
20226,42990,43113,43745,123,755
20227,42990,43115,43761,125,771
20228,42990,43128,44260,138,1270
20229,42990,43141,43767,151,777
20230,42990,43143,43772,153,782
20231,43050,43158,43787,108,737
20232,43050,43165,43781,115,731
20233,43050,43167,43808,117,758
20234,43050,43171,43795,121,745
20235,43050,43172,43907,122,857
20236,43050,43180,43816,130,766
20237,43110,43183,43832,73,722
20238,43110,43189,43978,79,868
20239,43110,43192,43865,82,755
20240,43170,43194,43842,24,672
20241,43170,43195,43856,25,686
20242,43170,43196,43985,26,815
20243,43170,43200,43859,30,689
20244,43170,43202,43872,32,702
20245,43170,43202,43986,32,816
20246,43170,43208,43886,38,716
20247,43170,43209,43990,39,820
20248,43170,43212,44294,42,1124
20249,43170,43214,43898,44,728
20250,43170,43215,43993,45,823
20251,43230,43218,44139,-12,909
20252,43230,43223,43924,-7,694
20253,43230,43229,43926,-1,696
20254,43230,43345,44140,115,910
20255,43290,43348,44143,58,853
20256,43290,43352,44148,62,858
20257,43290,43355,44153,65,863
20258,43290,43361,44155,71,865
20259,43290,43368,43970,78,680
20260,43290,43378,44159,88,869
20261,43290,43379,43967,89,677
20262,43350,43383,44163,33,813
20263,43350,43392,44167,42,817
20264,43350,43399,44166,49,816
20265,43350,43400,43990,50,640
20266,43410,43404,44170,-6,760
20267,43410,43409,44036,-1,626
20268,43410,43418,44170,8,760
20269,43410,43421,44005,11,595
20270,43410,43423,44176,13,766
20271,43410,43432,44252,22,842
20272,43410,43447,44174,37,764
20273,43470,43448,44019,-22,549
20274,43470,43467,44021,-3,551
20275,43470,43476,44246,6,776
20276,43470,43553,44035,83,565
20277,43470,43504,44042,34,572
20278,43530,43525,44175,-5,645
20279,43530,43541,44049,11,519
20280,43530,43550,44177,20,647
20281,43530,43565,44055,35,525
20282,43590,43571,44057,-19,467
20283,43590,43584,44181,-6,591
20284,43590,43591,44179,1,589
20285,43590,43601,44182,11,592
20286,43650,43666,44700,16,1050
20287,43650,43685,44188,35,538
20288,43650,43689,44104,39,454
20289,43650,43690,44197,40,547
20290,43710,43723,44107,13,397
20291,43710,43726,44189,16,479
20292,43770,43791,44190,21,420
20293,43770,43806,44192,36,422
20294,43770,43830,44174,60,404
20295,43770,43825,44193,55,423
20296,43830,43829,44194,-1,364
20297,43830,43869,44256,39,426
20298,43830,43875,44186,45,356
20299,43890,43876,44263,-14,373
20300,43890,43878,44199,-12,309
20301,43890,43969,44276,79,386
20302,43950,43999,44278,49,328
20303,43950,44028,44302,78,352
20304,44010,44085,45090,75,1080
20305,44070,44126,44383,56,313
20306,44070,44208,44324,138,254
20307,44070,44147,44386,77,316
20308,44130,44171,44390,41,260
20309,44130,44184,44393,54,263
20310,44130,44200,44394,70,264
20311,44190,44224,44365,34,175
20312,44190,44251,44394,61,204
20313,44250,44259,44371,9,121
20314,44250,44269,44374,19,124
20315,44250,44271,44397,21,147
20316,44250,44277,44438,27,188
20317,44250,44287,44446,37,196
20318,44250,44294,44407,44,157
20319,44250,44296,44586,46,336
20320,44310,44302,44493,-8,183
20321,44310,44306,44467,-4,157
20322,44310,44311,44476,1,166
20323,44310,44317,44469,7,159
20324,44310,44371,44483,61,173
20325,44370,44372,44571,2,201
20326,44370,44396,44578,26,208
20327,44370,44406,44583,36,213
20328,44430,44413,44614,-17,184
20329,44430,44452,44632,22,202
20330,44430,44469,44665,39,235
20331,44430,44487,44687,57,257
20332,44490,44504,44704,14,214
20333,44490,44508,44717,18,227
20334,44550,44554,44887,4,337
20335,44550,44579,44911,29,361
20336,44550,44604,44978,54,428
20337,44550,44621,45001,71,451
20338,44610,44655,44959,45,349
20339,44610,44683,44973,73,363
20340,44610,44686,44973,76,363
20341,44610,44703,44989,93,379
20342,44610,44720,44996,110,386
20343,44670,44728,45248,58,578
20344,44670,44736,45248,66,578
20345,44670,44744,45060,74,390
20346,44730,44748,45030,18,300
20347,44730,44749,45037,19,307
20348,44730,44751,45251,21,521
20349,44730,44758,45066,28,336
20350,44790,44792,45254,2,464
20351,44790,44794,45255,4,465
20352,44790,44806,45100,16,310
20353,44790,44816,45258,26,468
20354,44850,44829,45310,-21,460
20355,44850,44845,45313,-5,463
20356,44850,44876,45165,26,315
20357,44850,44857,45317,7,467
20358,44850,44867,45180,17,330
20359,44850,44882,45320,32,470
20360,44910,44904,45194,-6,284
20361,44970,44966,45324,-4,354
20362,44970,45002,45327,32,357
20363,44970,45008,45218,38,248
20364,45030,45011,45330,-19,300
20365,45030,45028,45338,-2,308
20366,45030,45035,45265,5,235
20367,45030,45118,45343,88,313
20368,45030,45134,45348,104,318
20369,45090,45165,45386,75,296
20370,45090,45172,45508,82,418
20371,45090,45183,45490,93,400
20372,45150,45275,45498,125,348
20373,45150,45186,45566,36,416
20374,45150,45199,45649,49,499
20375,45150,45205,45518,55,368
20376,45210,45220,45652,10,442
20377,45210,45227,45534,17,324
20378,45210,45238,45656,28,446
20379,45210,45273,45659,63,449
20380,45210,45287,45553,77,343
20381,45270,45306,45832,36,562
20382,45270,45308,45668,38,398
20383,45270,45311,45835,41,565
20384,45330,45317,45671,-13,341
20385,45330,45378,45590,48,260
20386,45390,45391,45675,1,285
20387,45390,45440,45687,50,297
20388,45450,45459,45708,9,258
20389,45510,45598,45719,88,209
20390,45510,45605,46620,95,1110
20391,45510,45608,45838,98,328
20392,45570,45611,45813,41,243
20393,45630,45661,45825,31,195
20394,45630,45663,45842,33,212
20395,45630,45664,46087,34,457
20396,45630,45671,46090,41,460
20397,45690,45684,46098,-6,408
20398,45690,45689,45901,-1,211
20399,45690,45691,45903,1,213
20400,45690,45693,46101,3,411
20401,45690,45700,46104,10,414
20402,45690,45757,46770,67,1080
20403,45750,45765,46327,15,577
20404,45750,45776,46147,26,397
20405,45750,45790,46229,40,479
20406,45750,45804,46166,54,416
20407,45750,45810,46231,60,481
20408,45810,45822,46194,12,384
20409,45870,45859,46870,-11,1000
20410,45870,45884,46248,14,378
20411,45870,45885,46261,15,391
20412,45870,45892,46502,22,632
20413,45930,45937,46504,7,574
20414,45930,45972,46515,42,585
20415,45930,45988,46523,58,593
20416,45930,46003,46529,73,599
20417,45990,46042,46542,52,552
20418,45990,46060,46530,70,540
20419,46050,46081,46596,31,546
20420,46050,46101,47110,51,1060
20421,46050,46128,46700,78,650
20422,46050,46147,46566,97,516
20423,46110,46164,46572,54,462
20424,46110,46174,46707,64,597
20425,46110,46184,46595,74,485
20426,46110,46191,46710,81,600
20427,46110,46205,46611,95,501
20428,46170,46210,46711,40,541
20429,46170,46223,46783,53,613
20430,46170,46231,46751,61,581
20431,46170,46261,46643,91,473
20432,46170,46270,46753,100,583
20433,46230,46286,46757,56,527
20434,46230,46296,46771,66,541
20435,46230,46298,46782,68,552
20436,46230,46303,46787,73,557
20437,46230,46317,46790,87,560
20438,46290,46322,46793,32,503
20439,46290,46361,46750,71,460
20440,46290,46326,46836,36,546
20441,46350,46368,46803,18,453
20442,46350,46373,46864,23,514
20443,46350,46378,46901,28,551
20444,46410,46445,46889,35,479
20445,46410,46457,46906,47,496
20446,46410,46461,46896,51,486
20447,46410,46468,46908,58,498
20448,46410,46473,46910,63,500
20449,46410,46473,46955,63,545
20450,46470,46477,46956,7,486
20451,46530,46527,46990,-3,460
20452,46530,46548,46967,18,437
20453,46530,46554,46994,24,464
20454,46530,46565,46985,35,455
20455,46530,46571,47262,41,732
20456,46590,46583,47265,-7,675
20457,46590,46620,47269,30,679
20458,46650,46631,47019,-19,369
20459,46650,46659,47028,9,378
20460,46650,46715,47029,65,379
20461,46650,46736,47033,86,383
20462,46650,46729,47274,79,624
20463,46650,46747,47279,97,629
20464,46650,46761,47068,111,418
20465,46650,46763,47287,113,637
20466,46650,46774,47297,124,647
20467,46710,46806,47299,96,589
20468,46770,46818,47301,48,531
20469,46770,46832,47301,62,531
20470,46770,46844,47104,74,334
20471,46770,46847,47302,77,532
20472,46830,46854,47124,24,294
20473,46830,46861,47302,31,472
20474,46830,46870,47308,40,478
20475,46890,46892,47137,2,247
20476,46890,46900,47305,10,415
20477,46890,46906,47306,16,416
20478,46890,46911,47305,21,415
20479,46950,46924,47309,-26,359
20480,46950,47035,47325,85,375
20481,46950,47051,47330,101,380
20482,46950,47052,47373,102,423
20483,47010,47068,47362,58,352
20484,47010,47079,48090,69,1080
20485,47010,47085,47392,75,382
20486,47070,47093,47560,23,490
20487,47070,47102,47569,32,499
20488,47130,47114,47443,-16,313
20489,47130,47124,48130,-6,1000
20490,47130,47139,47575,9,445
20491,47130,47153,47470,23,340
20492,47190,47234,47477,44,287
20493,47250,47419,47528,169,278
20494,47250,47452,47585,202,335
20495,47250,47471,48490,221,1240
20496,47310,47486,47678,176,368
20497,47310,47488,47637,178,327
20498,47310,47489,47704,179,394
20499,47310,47490,47659,180,349
20500,47310,47491,47730,181,420
20501,47370,47494,47734,124,364
20502,47370,47497,47693,127,323
20503,47490,47498,47722,8,232
20504,47490,47499,47747,9,257
20505,47490,47501,47760,11,270
20506,47490,47504,47762,14,272
20507,47490,47563,47786,73,296
20508,47550,47570,47802,20,252
20509,47550,47576,47889,26,339
20510,47550,47581,47892,31,342
20511,47550,47587,48770,37,1220
20512,47610,47589,47902,-21,292
20513,47610,47629,47908,19,298
20514,47610,47636,47915,26,305
20515,47610,47642,47921,32,311
20516,47670,47651,47950,-19,280
20517,47670,47658,47957,-12,287
20518,47670,47676,47991,6,321
20519,47670,47678,47975,8,305
20520,47670,47790,48005,120,335
20521,47670,47796,48000,126,330
20522,47730,47798,48020,68,290
20523,47730,47804,48118,74,388
20524,47730,47809,48066,79,336
20525,47730,47815,48103,85,373
20526,47730,47822,48094,92,364
20527,47730,47823,48127,93,397
20528,47790,47829,48133,39,343
20529,47790,47830,48151,40,361
20530,47790,47835,48172,45,382
20531,47790,47841,48209,51,419
20532,47790,47847,48215,57,425
20533,47850,47852,48319,2,469
20534,47850,47863,48497,13,647
20535,47850,47871,48251,21,401
20536,47850,47873,48501,23,651
20537,47850,47879,48263,29,413
20538,47850,47882,48267,32,417
20539,47910,47883,48270,-27,360
20540,47910,48052,48504,142,594
20541,47910,48058,48284,148,374
20542,47910,48059,48507,149,597
20543,47910,48065,48507,155,597
20544,47910,48070,48510,160,600
20545,47910,48076,48315,166,405
20546,47970,48077,48362,107,392
20547,47970,48082,48331,112,361
20548,47970,48084,48530,114,560
20549,48090,48089,48529,-1,439
20550,48090,48094,48347,4,257
20551,48090,48096,48533,6,443
20552,48150,48334,48537,184,387
20553,48150,48362,48640,212,490
20554,48150,48365,48650,215,500
20555,48150,48367,48595,217,445
20556,48150,48368,48647,218,497
20557,48210,48371,48647,161,437
20558,48210,48374,48657,164,447
20559,48210,48376,48657,166,447
20560,48270,48376,48696,106,426
20561,48270,48379,48701,109,431
20562,48270,48381,48675,111,405
20563,48270,48381,48706,111,436
20564,48270,48384,49510,114,1240
20565,48330,48386,48691,56,361
20566,48330,48386,48763,56,433
20567,48330,48392,48766,62,436
20568,48330,48395,48729,65,399
20569,48330,48396,48769,66,439
20570,48390,48398,48736,8,346
20571,48450,48536,48777,86,327
20572,48450,48542,48780,92,330
20573,48510,48551,48747,41,237
20574,48510,48553,48783,43,273
20575,48510,48560,48760,50,250
20576,48510,48562,48787,52,277
20577,48510,48569,48790,59,280
20578,48510,48576,48844,66,334
20579,48510,48583,48849,73,339
20580,48570,48585,48855,15,285
20581,48570,48587,48816,17,246
20582,48570,48597,48817,27,247
20583,48570,48600,48858,30,288
20584,48570,48609,48862,39,292
20585,48570,48612,49135,42,565
20586,48630,48691,49136,61,506
20587,48630,48694,49137,64,507
20588,48630,48697,49139,67,509
20589,48630,48699,48920,69,290
20590,48690,48701,49810,11,1120
20591,48690,48706,48927,16,237
20592,48690,48706,49145,16,455
20593,48690,48709,49168,19,478
20594,48690,48713,49890,23,1200
20595,48690,48716,48973,26,283
20596,48690,48718,49152,28,462
20597,48690,48721,49153,31,463
20598,48750,48792,49010,42,260
20599,48750,48794,50010,44,1260
20600,48750,48795,49038,45,288
20601,48750,48797,50040,47,1290
20602,48750,48799,50060,49,1310
20603,48810,48810,49073,0,263
20604,48810,48812,49089,2,279
20605,48810,48817,49159,7,349
20606,48810,48876,49158,66,348
20607,48810,48887,49158,77,348
20608,48810,48895,49169,85,359
20609,48870,48901,50160,31,1290
20610,48870,48917,49199,47,329
20611,48930,48923,49208,-7,278
20612,48930,48940,49225,10,295
20613,48930,48942,49229,12,299
20614,48930,48945,49242,15,312
20615,48930,48953,49253,23,323
20616,48930,48961,49264,31,334
20617,48990,49037,49331,47,341
20618,48990,49043,49334,53,344
20619,48990,49046,49190,56,200
20620,49050,49049,49336,-1,286
20621,49050,49053,50290,3,1240
20622,49050,49125,50310,75,1260
20623,49050,49135,49398,85,348
20624,49050,49172,49404,122,354
20625,49050,49177,49418,127,368
20626,49110,49182,49458,72,348
20627,49110,49188,49425,78,315
20628,49110,49194,49443,84,333
20629,49110,49198,50440,88,1330
20630,49170,49203,49471,33,301
20631,49170,49209,49705,39,535
20632,49170,49214,49513,44,343
20633,49170,49215,49527,45,357
20634,49170,49220,49535,50,365
20635,49170,49225,49555,55,385
20636,49170,49226,50540,56,1370
20637,49230,49233,49595,3,365
20638,49230,49238,49593,8,363
20639,49230,49243,49605,13,375
20640,49290,49292,49613,2,323
20641,49290,49294,49744,4,454
20642,49290,49325,49525,35,235
20643,49290,49327,49640,37,350
20644,49350,49352,49672,2,322
20645,49350,49386,49692,36,342
20646,49350,49388,49742,38,392
20647,49410,49395,49721,-15,311
20648,49410,49396,49727,-14,317
20649,49410,49427,49741,17,331
20650,49410,49430,50730,20,1320
20651,49410,49433,50163,23,753
20652,49410,49441,50170,31,760
20653,49470,49451,50176,-19,706
20654,49470,49460,50186,-10,716
20655,49470,49471,50189,1,719
20656,49470,49479,50193,9,723
20657,49470,49551,50074,81,604
20658,49530,49554,50198,24,668
20659,49530,49560,50120,30,590
20660,49530,49562,50150,32,620
20661,49530,49666,50148,136,618
20662,49530,49681,50203,151,673
20663,49530,49689,50159,159,629
20664,49530,49694,50209,164,679
20665,49590,49712,50184,122,594
20666,49590,49714,50225,124,635
20667,49590,49719,50274,129,684
20668,49590,49725,50263,135,673
20669,49590,49729,50238,139,648
20670,49650,49731,50327,81,677
20671,49650,49736,50333,86,683
20672,49710,49738,50337,28,627
20673,49710,49745,50395,35,685
20674,49710,49747,50341,37,631
20675,49710,49752,50313,42,603
20676,49710,49765,50321,55,611
20677,49770,49766,50331,-4,561
20678,49770,49909,50358,139,588
20679,49830,49915,50342,85,512
20680,49830,49918,50368,88,538
20681,49890,49920,50398,30,508
20682,49890,49928,50531,38,641
20683,49890,49936,50565,46,675
20684,49890,49948,50377,58,487
20685,49950,49971,50555,21,605
20686,49950,49986,50558,36,608
20687,49950,49999,50404,49,454
20688,50010,50006,50562,-4,552
20689,50010,50013,50569,3,559
20690,50010,50022,50437,12,427
20691,50010,50065,50574,55,564
20692,50010,50075,50590,65,580
20693,50070,50125,50448,55,378
20694,50070,50120,51130,50,1060
20695,50130,50127,50515,-3,385
20696,50130,50130,50471,0,341
20697,50130,50148,50457,18,327
20698,50130,50165,50596,35,466
20699,50130,50170,51180,40,1050
20700,50130,50180,50670,50,540
20701,50130,50184,50683,54,553
20702,50190,50203,50686,13,496
20703,50190,50212,50721,22,531
20704,50190,50232,50818,42,628
20705,50190,50259,50751,69,561
20706,50190,50283,50821,93,631
20707,50190,50314,50765,124,575
20708,50190,50335,51340,145,1150
20709,50190,50349,50771,159,581
20710,50190,50363,50823,173,633
20711,50250,50381,50779,131,529
20712,50250,50385,50779,135,529
20713,50250,50403,50840,153,590
20714,50310,50416,50789,106,479
20715,50310,50438,50826,128,516
20716,50310,50452,50830,142,520
20717,50310,50454,51470,144,1160
20718,50370,50539,50828,169,458
20719,50370,50462,50970,92,600
20720,50370,50469,50972,99,602
20721,50370,50484,50974,114,604
20722,50370,50490,50976,120,606
20723,50370,50496,50980,126,610
20724,50430,50507,50863,77,433
20725,50430,50511,50978,81,548
20726,50430,50527,50853,97,423
20727,50430,50530,50855,100,425
20728,50490,50542,50980,52,490
20729,50490,50546,50862,56,372
20730,50490,50557,50862,67,372
20731,50490,50564,50865,74,375
20732,50490,50586,50865,96,375
20733,50490,50590,50877,100,387
20734,50490,50595,50870,105,380
20735,50550,50620,50877,70,327
20736,50550,50600,50871,50,321
20737,50550,50606,50873,56,323
20738,50550,50616,50980,66,430
20739,50550,50622,50882,72,332
20740,50610,50626,50886,16,276
20741,50610,50630,50883,20,273
20742,50610,50632,51650,22,1040
20743,50610,50641,50984,31,374
20744,50670,50643,50896,-27,226
20745,50670,50665,50897,-5,227
20746,50670,50670,50896,0,226
20747,50730,50759,50984,29,254
20748,50730,50767,50903,37,173
20749,50790,50816,51012,26,222
20750,50790,50849,51115,59,325
20751,50790,50875,51118,85,328
20752,50850,50879,51004,29,154
20753,50850,50897,51006,47,156
20754,50850,50902,51125,52,275
20755,50850,50910,51123,60,273
20756,50850,50919,51127,69,277
20757,50850,50921,51129,71,279
20758,50850,50923,51134,73,284
20759,50910,50925,51085,15,175
20760,50910,50927,51055,17,145
20761,50910,50927,51057,17,147
20762,50910,50928,51137,18,227
20763,50910,50930,51072,20,162
20764,50910,50931,51162,21,252
20765,50910,50979,51084,69,174
20766,50970,50980,51085,10,115
20767,50970,50982,51144,12,174
20768,50970,51006,51149,36,179
20769,51030,51012,51103,-18,73
20770,51030,51014,51105,-16,75
20771,51030,51016,51152,-14,122
20772,51030,51022,51155,-8,125
20773,51030,51029,52120,-1,1090
20774,51030,51034,51245,4,215
20775,51030,51039,52190,9,1160
20776,51030,51176,51314,146,284
20777,51030,51184,51293,154,263
20778,51090,51189,51532,99,442
20779,51090,51193,51539,103,449
20780,51090,51199,51543,109,453
20781,51150,51202,51353,52,203
20782,51150,51203,52300,53,1150
20783,51150,51206,51552,56,402
20784,51150,51209,51381,59,231
20785,51150,51211,51557,61,407
20786,51150,51214,51394,64,244
20787,51150,51214,51661,64,511
20788,51150,51217,52380,67,1230
20789,51150,51221,51436,71,286
20790,51150,51222,51563,72,413
20791,51150,51225,52420,75,1270
20792,51210,51228,51466,18,256
20793,51210,51230,51478,20,268
20794,51210,51231,51532,21,322
20795,51270,51377,51533,107,263
20796,51270,51380,52540,110,1270
20797,51270,51381,51579,111,309
20798,51270,51386,51589,116,319
20799,51270,51391,51627,121,357
20800,51330,51393,51606,63,276
20801,51330,51398,51712,68,382
20802,51330,51406,51697,76,367
20803,51330,51408,51827,78,497
20804,51390,51413,51832,23,442
20805,51390,51418,52176,28,786
20806,51390,51423,51950,33,560
20807,51390,51428,51980,38,590
20808,51450,51430,51995,-20,545
20809,51450,51471,52015,21,565
20810,51450,51474,52094,24,644
20811,51450,51481,52112,31,662
20812,51450,51484,52107,34,657
20813,51450,51488,52139,38,689
20814,51510,51503,52191,-7,681
20815,51510,51558,52221,48,711
20816,51510,51570,52252,60,742
20817,51510,51602,52371,92,861
20818,51510,51620,52374,110,864
20819,51570,51671,52256,101,686
20820,51570,51674,52310,104,740
20821,51570,51681,52377,111,807
20822,51570,51698,52381,128,811
20823,51570,51707,52389,137,819
20824,51570,51718,52327,148,757
20825,51570,51722,52325,152,755
20826,51570,51725,52388,155,818
20827,51570,51735,52392,165,822
20828,51630,51744,52365,114,735
20829,51630,51748,52395,118,765
20830,51630,51755,52464,125,834
20831,51630,51761,52850,131,1220
20832,51690,51767,52505,77,815
20833,51690,51772,52501,82,811
20834,51690,51776,52504,86,814
20835,51690,51784,52508,94,818
20836,51690,51792,52499,102,809
20837,51750,51796,52641,46,891
20838,51750,51812,52646,62,896
20839,51750,51820,52655,70,905
20840,51810,51829,52658,19,848
20841,51810,51836,52665,26,855
20842,51810,51845,52692,35,882
20843,51810,51854,52680,44,870
20844,51870,51862,52582,-8,712
20845,51870,51993,52686,123,816
20846,51930,51998,52589,68,659
20847,51930,52004,52614,74,684
20848,51930,52010,52693,80,763
20849,51930,52024,52707,94,777
20850,51990,52025,52703,35,713
20851,51990,52038,52696,48,706
20852,51990,52045,52665,55,675
20853,52050,52056,52655,6,605
20854,52050,52078,52657,28,607
20855,52050,52102,52686,52,636
20856,52050,52088,52717,38,667
20857,52110,52102,52691,-8,581
20858,52110,52108,52698,-2,588
20859,52110,52115,52715,5,605
20860,52110,52119,52744,9,634
20861,52110,52126,52794,16,684
20862,52110,52160,52798,50,688
20863,52170,52171,53190,1,1020
20864,52170,52188,52743,18,573
20865,52170,52190,52811,20,641
20866,52170,52197,52761,27,591
20867,52170,52201,52761,31,591
20868,52230,52225,52815,-5,585
20869,52230,52231,52818,1,588
20870,52230,52235,52834,5,604
20871,52230,52237,52823,7,593
20872,52230,52307,52891,77,661
20873,52290,52314,52914,24,624
20874,52290,52321,52839,31,549
20875,52290,52322,52902,32,612
20876,52290,52328,52904,38,614
20877,52290,52333,52907,43,617
20878,52290,52339,52879,49,589
20879,52350,52341,52872,-9,522
20880,52350,52342,52911,-8,561
20881,52350,52347,52954,-3,604
20882,52350,52487,52928,137,578
20883,52410,52492,52986,82,576
20884,52410,52500,52989,90,579
20885,52410,52505,52941,95,531
20886,52410,52508,52950,98,540
20887,52410,52509,52967,99,557
20888,52410,52512,52963,102,553
20889,52410,52513,52969,103,559
20890,52470,52515,52990,45,520
20891,52470,52519,53730,49,1260
20892,52470,52526,52988,56,518
20893,52470,52528,53021,58,551
20894,52530,52533,52999,3,469
20895,52530,52534,53001,4,471
20896,52530,52536,53006,6,476
20897,52530,52537,53029,7,499
20898,52530,52540,53036,10,506
20899,52530,52718,53045,188,515
20900,52590,52724,53043,134,453
20901,52590,52727,53204,137,614
20902,52590,52740,53055,150,465
20903,52590,52744,53052,154,462
20904,52650,52748,53057,98,407
20905,52650,52751,53082,101,432
20906,52650,52761,53067,111,417
20907,52650,52764,53221,114,571
20908,52650,52777,53208,127,558
20909,52650,52787,53086,137,436
20910,52710,52791,53104,81,394
20911,52710,52804,53091,94,381
20912,52710,52807,53212,97,502
20913,52770,52819,53215,49,445
20914,52770,52830,53219,60,449
20915,52770,52838,53112,68,342
20916,52770,52842,53114,72,344
20917,52770,52844,53222,74,452
20918,52770,52853,53233,83,463
20919,52830,52863,53226,33,396
20920,52890,53007,53187,117,297
20921,52890,53025,53268,135,378
20922,52890,53042,54060,152,1170
20923,52890,53051,53308,161,418
20924,52890,53073,53307,183,417
20925,52950,53092,53335,142,385
20926,52950,53098,53320,148,370
20927,52950,53111,53328,161,378
20928,52950,53116,53335,166,385
20929,52950,53124,53340,174,390
20930,52950,53126,53344,176,394
20931,52950,53127,53353,177,403
20932,53010,53129,53343,119,333
20933,53010,53131,53344,121,334
20934,53010,53133,53350,123,340
20935,53070,53138,53359,68,289
20936,53070,53153,53483,83,413
20937,53070,53156,53376,86,306
20938,53070,53162,53375,92,305
20939,53070,53165,53388,95,318
20940,53070,53169,53394,99,324
20941,53130,53177,54250,47,1120
20942,53130,53181,53455,51,325
20943,53130,53183,53502,53,372
20944,53130,53186,53409,56,279
20945,53190,53235,53490,45,300
20946,53190,53239,53491,49,301
20947,53250,53243,53428,-7,178
20948,53250,53254,53493,4,243
20949,53250,53271,53520,21,270
20950,53310,53347,53524,37,214
20951,53310,53381,53523,71,213
20952,53370,53419,53524,49,154
20953,53370,53438,53584,68,214
20954,53370,53454,53578,84,208
20955,53370,53447,53598,77,228
20956,53370,53457,53610,87,240
20957,53370,53458,53627,88,257
20958,53370,53460,53641,90,271
20959,53430,53461,53668,31,238
20960,53430,53463,53887,33,457
20961,53430,53464,53693,34,263
20962,53430,53466,53717,36,287
20963,53430,53467,54560,37,1130
20964,53490,53469,53725,-21,235
20965,53490,53476,53739,-14,249
20966,53490,53477,53743,-13,253
20967,53490,53480,53747,-10,257
20968,53490,53482,53752,-8,262
20969,53490,53569,53756,79,266
20970,53490,53572,53859,82,369
20971,53490,53579,53784,89,294
20972,53490,53579,53797,89,307
20973,53490,53582,53869,92,379
20974,53550,53584,53891,34,341
20975,53550,53589,53957,39,407
20976,53550,53593,53983,43,433
20977,53610,53598,54750,-12,1140
20978,53610,53608,54043,-2,433
20979,53610,53614,54018,4,408
20980,53610,53660,54034,50,424
20981,53670,53663,54054,-7,384
20982,53670,53669,54157,-1,487
20983,53670,53707,54161,37,491
20984,53670,53719,54265,49,595
20985,53670,53730,54205,60,535
20986,53670,53732,54215,62,545
20987,53730,53735,54282,5,552
20988,53730,53756,54322,26,592
20989,53730,53768,54379,38,649
20990,53730,53775,54394,45,664
20991,53730,53798,54393,68,663
20992,53730,53802,54477,72,747
20993,53730,53811,54410,81,680
20994,53790,53816,54489,26,699
20995,53790,53824,54495,34,705
20996,53790,53832,54920,42,1130
20997,53790,53842,54478,52,688
20998,53790,53845,54529,55,739
20999,53790,53854,54503,64,713
21000,53850,53904,54587,54,737
21001,53850,53912,54529,62,679
21002,53850,53924,54980,74,1130
21003,53850,53934,54610,84,760
21004,53850,53943,54537,93,687
21005,53850,53946,54613,96,763
21006,53850,53958,54612,108,762
21007,53910,53966,54615,56,705
21008,53910,54053,54633,143,723
21009,53970,54064,54626,94,656
21010,53970,54068,54587,98,617
21011,53970,54073,54638,103,668
21012,53970,54079,54626,109,656
21013,53970,54081,54640,111,670
21014,54030,54088,54654,58,624
21015,54030,54095,54678,65,648
21016,54030,54107,54690,77,660
21017,54030,54125,54707,95,677
21018,54030,54133,54702,103,672
21019,54090,54141,54707,51,617
21020,54090,54147,54683,57,593
21021,54090,54150,54674,60,584
21022,54090,54151,54708,61,618
21023,54150,54156,54749,6,599
21024,54150,54168,54714,18,564
21025,54150,54185,54715,35,565
21026,54150,54193,54712,43,562
21027,54210,54203,54706,-7,496
21028,54210,54206,54731,-4,521
21029,54210,54212,54721,2,511
21030,54210,54255,54745,45,535
21031,54210,54261,54756,51,546
21032,54270,54272,54755,2,485
21033,54270,54278,54757,8,487
21034,54270,54296,54776,26,506
21035,54270,54314,54788,44,518
21036,54270,54318,54759,48,489
21037,54270,54334,54797,64,527
21038,54330,54373,54797,43,467
21039,54330,54337,54791,7,461
21040,54330,54347,54810,17,480
21041,54330,54371,54784,41,454
21042,54330,54381,54823,51,493
21043,54390,54395,54786,5,396
21044,54390,54408,54863,18,473
21045,54390,54416,54857,26,467
21046,54390,54425,54869,35,479
21047,54390,54431,54869,41,479
21048,54390,54435,54832,45,442
21049,54390,54445,54875,55,485
21050,54450,54452,54881,2,431
21051,54450,54469,54883,19,433
21052,54450,54515,54886,65,436
21053,54450,54475,54889,25,439
21054,54450,54497,54893,47,443
21055,54510,54521,54899,11,389
21056,54510,54531,54903,21,393
21057,54510,54539,54880,29,370
21058,54570,54546,54917,-24,347
21059,54570,54555,54890,-15,320
21060,54570,54567,54928,-3,358
21061,54570,54572,54940,2,370
21062,54570,54578,54923,8,353
21063,54570,54590,54951,20,381
21064,54630,54602,54956,-28,326
21065,54630,54608,54967,-22,337
21066,54630,54655,54944,25,314
21067,54630,54670,55020,40,390
21068,54690,54722,55004,32,314
21069,54690,54694,55015,4,325
21070,54690,54712,55020,22,330
21071,54690,54729,55021,39,331
21072,54690,54741,55022,51,332
21073,54690,54752,55036,62,346
21074,54750,54757,55039,7,289
21075,54750,54759,55109,9,359
21076,54750,54763,55051,13,301
21077,54750,54774,55117,24,367
21078,54750,54784,55120,34,370
21079,54750,54792,55131,42,381
21080,54810,54904,55122,94,312
21081,54870,54909,55127,39,257
21082,54870,54914,55093,44,223
21083,54870,54916,55174,46,304
21084,54870,54921,55127,51,257
21085,54870,54921,55212,51,342
21086,54870,54925,55119,55,249
21087,54870,54927,55155,57,285
21088,54870,54935,55196,65,326
21089,54870,54940,55227,70,357
21090,54930,54943,55248,13,318
21091,54930,54948,55219,18,289
21092,54990,55022,55269,32,279
21093,54990,55029,55299,39,309
21094,54990,55036,55353,46,363
21095,54990,55050,55335,60,345
21096,54990,55053,55369,63,379
21097,55050,55061,55384,11,334
21098,55050,55072,55411,22,361
21099,55050,55094,55415,44,365
21100,55050,55102,55444,52,394
21101,55110,55108,55460,-2,350
21102,55110,55247,55555,137,445
21103,55110,55254,55544,144,434
21104,55110,55261,55487,151,377
21105,55170,55263,55567,93,397
21106,55170,55276,55581,106,411
21107,55170,55289,55596,119,426
21108,55170,55294,55535,124,365
21109,55170,55294,55647,124,477
21110,55170,55299,55548,129,378
21111,55230,55299,55619,69,389
21112,55230,55303,55578,73,348
21113,55230,55307,55632,77,402
21114,55230,55310,55681,80,451
21115,55230,55312,55637,82,407
21116,55230,55315,55628,85,398
21117,55290,55316,55634,26,344
21118,55290,55317,55686,27,396
21119,55290,55318,55650,28,360
21120,55290,55319,55669,29,379
21121,55290,55321,55679,31,389
21122,55350,55425,55797,75,447
21123,55350,55435,55701,85,351
21124,55350,55437,55723,87,373
21125,55350,55437,55713,87,363
21126,55350,55439,55772,89,422
21127,55410,55446,55738,36,328
21128,55410,55454,55734,44,324
21129,55410,55456,55742,46,332
21130,55410,55459,56740,49,1330
21131,55410,55460,55779,50,369
21132,55470,55460,55772,-10,302
21133,55470,55462,56770,-8,1300
21134,55470,55466,56030,-4,560
21135,55470,55469,55942,-1,472
21136,55470,55493,55845,23,375
21137,55530,55614,56041,84,511
21138,55530,55620,56083,90,553
21139,55590,55626,55880,36,290
21140,55650,55658,56061,8,411
21141,55650,55662,56102,12,452
21142,55650,55667,56067,17,417
21143,55650,55670,56521,20,871
21144,55650,55673,56105,23,455
21145,55650,55677,55943,27,293
21146,55650,55678,56109,28,459
21147,55650,55681,55989,31,339
21148,55710,55682,56124,-28,414
21149,55710,55774,55991,64,281
21150,55710,55774,55982,64,272
21151,55770,55779,55988,9,218
21152,55770,55795,56121,25,351
21153,55830,55836,56130,6,300
21154,55830,55839,56336,9,506
21155,55890,56001,56312,111,422
21156,55890,56009,57020,119,1130
21157,55890,56016,56336,126,446
21158,55890,56019,56328,129,438
21159,55890,56035,56334,145,444
21160,55890,56038,56632,148,742
21161,55890,56050,56633,160,743
21162,55950,56055,56641,105,691
21163,55950,56059,56644,109,694
21164,55950,56064,56380,114,430
21165,55950,56064,56386,114,436
21166,55950,56066,56387,116,437
21167,56010,56069,56411,59,401
21168,56010,56073,56444,63,434
21169,56010,56077,56424,67,414
21170,56010,56079,56429,69,419
21171,56010,56080,56435,70,425
21172,56010,56081,56651,71,641
21173,56070,56085,56669,15,599
21174,56070,56090,56669,20,599
21175,56070,56097,56488,27,418
21176,56070,56097,56658,27,588
21177,56130,56188,56662,58,532
21178,56130,56195,56666,65,536
21179,56190,56204,56670,14,480
21180,56190,56219,56672,29,482
21181,56190,56229,56673,39,483
21182,56190,56243,56675,53,485
21183,56190,56250,56677,60,487
21184,56250,56269,56616,19,366
21185,56250,56272,56679,22,429
21186,56310,56305,56682,-5,372
21187,56310,56319,56693,9,383
21188,56310,56345,56684,35,374
21189,56370,56354,56741,-16,371
21190,56370,56383,56698,13,328
21191,56370,56391,56720,21,350
21192,56370,56407,56744,37,374
21193,56370,56431,56753,61,383
21194,56370,56444,56737,74,367
21195,56370,56446,56758,76,388
21196,56370,56479,56774,109,404
21197,56430,56501,57700,71,1270
21198,56430,56527,56835,97,405
21199,56430,56538,56849,108,419
21200,56490,56545,56884,55,394
21201,56490,56548,56928,58,438
21202,56490,56551,56847,61,357
21203,56490,56554,56949,64,459
21204,56490,56569,56981,79,491
21205,56490,56576,57001,86,511
21206,56490,56592,57030,102,540
21207,56490,56602,57050,112,560
21208,56550,56606,57162,56,612
21209,56550,56618,57200,68,650
21210,56550,56621,56914,71,364
21211,56550,56685,57198,135,648
21212,56550,56689,57212,139,662
21213,56610,56693,57223,83,613
21214,56610,56704,57233,94,623
21215,56610,56711,57253,101,643
21216,56610,56716,57260,106,650
21217,56610,56717,57258,107,648
21218,56610,56721,57283,111,673
21219,56610,56724,57276,114,666
21220,56610,56731,57279,121,669
21221,56610,56731,58280,121,1670
21222,56670,56733,57298,63,628
21223,56670,56738,57102,68,432
21224,56670,56743,57328,73,658
21225,56670,56744,57346,74,676
21226,56670,56744,57331,74,661
21227,56670,56749,57356,79,686
21228,56670,56751,57406,81,736
21229,56670,56755,57368,85,698
21230,56730,56759,57368,29,638
21231,56730,56762,57469,32,739
21232,56730,56767,57394,37,664
21233,56730,56769,58390,39,1660
21234,56730,56774,57272,44,542
21235,56730,56777,57265,47,535
21236,56730,56782,57422,52,692
21237,56730,56796,57426,66,696
21238,56730,56827,57455,97,725
21239,56730,56839,57444,109,714
21240,56790,56841,57473,51,683
21241,56790,56845,57460,55,670
21242,56790,56849,57385,59,595
21243,56790,56855,58470,65,1680
21244,56790,56859,57366,69,576
21245,56790,56863,57481,73,691
21246,56850,56869,57486,19,636
21247,56910,56930,57494,20,584
21248,56910,56936,57505,26,595
21249,56910,56938,57522,28,612
21250,56910,56942,57520,32,610
21251,56910,56950,57561,40,651
21252,56970,56952,57563,-18,593
21253,56970,56960,57539,-10,569
21254,56970,56964,57559,-6,589
21255,56970,57046,57557,76,587
21256,56970,57057,57574,87,604
21257,56970,57074,57599,104,629
21258,56970,57088,57595,118,625
21259,57030,57093,57622,63,592
21260,57030,57103,57611,73,581
21261,57030,57121,57626,91,596
21262,57030,57153,57641,123,611
21263,57030,57156,57647,126,617
21264,57090,57176,57679,86,589
21265,57090,57181,57666,91,576
21266,57090,57205,58660,115,1570
21267,57090,57220,57683,130,593
21268,57150,57226,57703,76,553
21269,57150,57233,58690,83,1540
21270,57150,57243,57724,93,574
21271,57150,57258,57848,108,698
21272,57150,57267,57766,117,616
21273,57150,57269,57852,119,702
21274,57210,57282,57857,72,647
21275,57210,57292,57860,82,650
21276,57210,57300,57847,90,637
21277,57210,57307,57852,97,642
21278,57210,57318,57861,108,651
21279,57210,57324,57846,114,636
21280,57270,57324,57752,54,482
21281,57270,57331,57883,61,613
21282,57270,57340,57878,70,608
21283,57270,57347,57873,77,603
21284,57270,57353,57888,83,618
21285,57330,57358,57821,28,491
21286,57330,57362,57907,32,577
21287,57330,57369,57907,39,577
21288,57330,57379,57879,49,549
21289,57390,57389,57908,-1,518
21290,57390,57391,58050,1,660
21291,57390,57401,58003,11,613
21292,57390,57402,58052,12,662
21293,57390,57450,57939,60,549
21294,57450,57453,58015,3,565
21295,57450,57455,58054,5,604
21296,57450,57466,58057,16,607
21297,57450,57475,58121,25,671
21298,57450,57482,58062,32,612
21299,57450,57496,58065,46,615
21300,57510,57508,58045,-2,535
21301,57510,57509,58090,-1,580
21302,57510,57513,57998,3,488
21303,57510,57526,58093,16,583
21304,57510,57534,58098,24,588
21305,57570,57565,58102,-5,532
21306,57570,57568,58109,-2,539
21307,57570,57577,58112,7,542
21308,57570,57591,58125,21,555
21309,57570,57594,58148,24,578
21310,57570,57600,58254,30,684
21311,57570,57611,58110,41,540
21312,57570,57615,58141,45,571
21313,57570,57622,58258,52,688
21314,57570,57634,58194,64,624
21315,57630,57657,58260,27,630
21316,57630,57665,58193,35,563
21317,57630,57668,58264,38,634
21318,57630,57710,58268,80,638
21319,57630,57721,58184,91,554
21320,57630,57730,58269,100,639
21321,57690,57748,58272,58,582
21322,57690,57758,58226,68,536
21323,57690,57761,58244,71,554
21324,57690,57767,58275,77,585
21325,57750,57782,58282,32,532
21326,57750,57792,58267,42,517
21327,57750,57794,58348,44,598
21328,57750,57802,58333,52,583
21329,57750,57810,58354,60,604
21330,57750,57815,58332,65,582
21331,57750,57820,58335,70,585
21332,57810,57828,59280,18,1470
21333,57810,57833,58575,23,765
21334,57810,57836,58681,26,871
21335,57810,57840,58383,30,573
21336,57810,57844,58387,34,577
21337,57810,57844,58386,34,576
21338,57810,57847,58585,37,775
21339,57870,57854,58586,-16,716
21340,57870,57862,58596,-8,726
21341,57870,57871,58459,1,589
21342,57870,57878,59450,8,1580
21343,57870,57883,58454,13,584
21344,57870,58278,58501,408,631
21345,57870,58279,58475,409,605
21346,57930,58285,58595,355,665
21347,57930,58295,58613,365,683
21348,57930,58303,58641,373,711
21349,57930,58315,58652,385,722
21350,57930,58319,58664,389,734
21351,57930,58323,58679,393,749
21352,57930,58324,58684,394,754
21353,57990,58330,58699,340,709
21354,57990,58332,58701,342,711
21355,57990,58337,58722,347,732
21356,58050,58338,58719,288,669
21357,58050,58346,58732,296,682
21358,58050,58359,58736,309,686
21359,58050,58370,58746,320,696
21360,58050,58379,58743,329,693
21361,58050,58398,58787,348,737
21362,58110,58413,58851,303,741
21363,58110,58425,58780,315,670
21364,58170,58451,58787,281,617
21365,58170,58461,58791,291,621
21366,58170,58471,58884,301,714
21367,58170,58482,58809,312,639
21368,58230,58488,58807,258,577
21369,58290,58503,59001,213,711
21370,58290,58509,58821,219,531
21371,58290,58512,58841,222,551
21372,58290,58515,58848,225,558
21373,58290,58616,58803,326,513
21374,58350,58630,58863,280,513
21375,58350,58639,58867,289,517
21376,58410,58649,58872,239,462
21377,58410,58653,58830,243,420
21378,58410,58655,58853,245,443
21379,58410,58658,58923,248,513
21380,58470,58660,58928,190,458
21381,58470,58663,58968,193,498
21382,58470,58666,58999,196,529
21383,58470,58669,59019,199,549
21384,58470,58673,59018,203,548
21385,58530,58677,59019,147,489
21386,58530,58678,59032,148,502
21387,58530,58682,59040,152,510
21388,58530,58685,59930,155,1400
21389,58530,58689,59039,159,509
21390,58590,58692,59059,102,469
21391,58590,58697,59107,107,517
21392,58590,58702,59066,112,476
21393,58650,58708,59074,58,424
21394,58650,58727,59083,77,433
21395,58650,58733,59097,83,447
21396,58650,58739,59098,89,448
21397,58650,58742,60054,92,1404
21398,58650,58750,59112,100,462
21399,58650,58752,59115,102,465
21400,58710,58754,59127,44,417
21401,58710,58761,59158,51,448
21402,58770,58768,59197,-2,427
21403,58770,58858,59171,88,401
21404,58830,58859,59194,29,364
21405,58830,58864,59350,34,520
21406,58830,58869,59238,39,408
21407,58890,58874,59243,-16,353
21408,58890,58989,59353,99,463
21409,58890,58998,59308,108,418
21410,58890,59001,59281,111,391
21411,58890,59002,59358,112,468
21412,58890,59002,59355,112,465
21413,58950,59006,59357,56,407
21414,58950,59010,59358,60,408
21415,58950,59013,59360,63,410
21416,58950,59015,59460,65,510
21417,58950,59017,59462,67,512
21418,58950,59021,59681,71,731
21419,58950,59024,59468,74,518
21420,58950,59027,59470,77,520
21421,59010,59031,59474,21,464
21422,59010,59036,59430,26,420
21423,59010,59039,59433,29,423
21424,59070,59040,59434,-30,364
21425,59070,59042,59479,-28,409
21426,59070,59182,59630,112,560
21427,59070,59186,59633,116,563
21428,59070,59191,59506,121,436
21429,59130,59193,59481,63,351
21430,59130,59193,59484,63,354
21431,59190,59195,59485,5,295
21432,59190,59196,59636,6,446
21433,59190,59200,59650,10,460
21434,59190,59204,59518,14,328
21435,59190,59264,59646,74,456
21436,59250,59270,59650,20,400
21437,59250,59274,59580,24,330
21438,59250,59276,59653,26,403
21439,59250,59278,59656,28,406
21440,59310,59281,59662,-29,352
21441,59310,59359,59616,49,306
21442,59310,59359,59788,49,478
21443,59310,59362,59631,52,321
21444,59310,59363,59792,53,482
21445,59310,59366,59795,56,485
21446,59310,59371,59649,61,339
21447,59310,59372,60013,62,703
21448,59310,59376,59725,66,415
21449,59310,59376,59700,66,390
21450,59310,59378,59774,68,464
21451,59310,59382,59833,72,523
21452,59370,59387,59868,17,498
21453,59370,59391,59872,21,502
21454,59370,59394,59900,24,530
21455,59370,59397,59924,27,554
21456,59370,59400,59966,30,596
21457,59370,59402,59982,32,612
21458,59370,59402,60028,32,658
21459,59370,59405,60038,35,668
21460,59430,59643,60081,213,651
21461,59430,59647,60066,217,636
21462,59430,59663,60083,233,653
21463,59430,59675,60095,245,665
21464,59430,59683,60129,253,699
21465,59430,59689,60131,259,701
21466,59430,59693,60134,263,704
21467,59430,59699,60187,269,757
21468,59490,59704,60143,214,653
21469,59490,59705,60191,215,701
21470,59490,59711,60190,221,700
21471,59490,59720,60257,230,767
21472,59490,59724,60204,234,714
21473,59490,59728,60254,238,764
21474,59490,59733,60257,243,767
21475,59550,59738,60219,188,669
21476,59550,59739,60228,189,678
21477,59550,59741,60261,191,711
21478,59550,59748,60410,198,860
21479,59550,59753,60326,203,776
21480,59550,59759,60332,209,782
21481,59550,59829,60280,279,730
21482,59550,59832,60338,282,788
21483,59610,59837,60342,227,732
21484,59610,59853,60308,243,698
21485,59610,59855,60347,245,737
21486,59610,59863,60316,253,706
21487,59670,59875,60352,205,682
21488,59670,59880,60358,210,688
21489,59670,59886,60538,216,868
21490,59670,59893,60542,223,872
21491,59670,59899,60364,229,694
21492,59670,59900,60547,230,877
21493,59670,59926,60378,256,708
21494,59670,59928,60551,258,881
21495,59730,59933,60558,203,828
21496,59730,59937,60561,207,831
21497,59730,59947,60560,217,830
21498,59790,59953,60566,163,776
21499,59790,59958,60568,168,778
21500,59790,59962,60576,172,786
21501,59790,59966,60567,176,777
21502,59790,59972,60450,182,660
21503,59850,59974,60449,124,599
21504,59850,59975,60450,125,600
21505,59910,59977,60570,67,660
21506,59910,59984,60459,74,549
21507,59910,59992,60576,82,666
21508,59910,59996,60576,86,666
21509,59910,60003,60576,93,666
21510,59910,60011,60479,101,569
21511,59970,60012,60483,42,513
21512,59970,60014,60507,44,537
21513,59970,60021,60583,51,613
21514,59970,60025,60580,55,610
21515,59970,60030,60585,60,615
21516,59970,60041,60589,71,619
21517,59970,60047,60589,77,619
21518,60030,60062,60633,32,603
21519,60090,60067,60711,-23,621
21520,60090,60073,60714,-17,624
21521,60090,60079,60716,-11,626
21522,60090,60083,60740,-7,650
21523,60090,60090,61220,0,1130
21524,60090,60194,60728,104,638
21525,60090,60199,60727,109,637
21526,60090,60202,60731,112,641
21527,60150,60206,60743,56,593
21528,60150,60208,60748,58,598
21529,60150,60211,61320,61,1170
21530,60150,60216,60737,66,587
21531,60150,60221,60740,71,590
21532,60210,60224,60740,14,530
21533,60210,60229,60690,19,480
21534,60210,60229,60744,19,534
21535,60210,60235,60744,25,534
21536,60270,60268,60779,-2,509
21537,60270,60276,60714,6,444
21538,60330,60396,60785,66,455
21539,60330,60403,60749,73,419
21540,60330,60407,60867,77,537
21541,60330,60411,60761,81,431
21542,60390,60421,60871,31,481
21543,60390,60426,60877,36,487
21544,60390,60431,61450,41,1060
21545,60390,60436,60855,46,465
21546,60390,60437,60883,47,493
21547,60450,60442,60891,-8,441
21548,60450,60447,60886,-3,436
21549,60450,60488,60890,38,440
21550,60450,60496,60826,46,376
21551,60510,60514,60826,4,316
21552,60510,60519,60829,9,319
21553,60510,60542,60946,32,436
21554,60570,60561,60951,-9,381
21555,60570,60583,60975,13,405
21556,60570,60590,60994,20,424
21557,60570,60594,61640,24,1070
21558,60570,60596,61121,26,551
21559,60630,60733,61041,103,411
21560,60630,60735,61055,105,425
21561,60630,60744,61059,114,429
21562,60630,60761,61150,131,520
21563,60630,60768,61097,138,467
21564,60690,60771,61138,81,448
21565,60690,60815,61142,125,452
21566,60690,60820,61099,130,409
21567,60690,60825,61169,135,479
21568,60750,60826,61216,76,466
21569,60810,60830,61208,20,398
21570,60810,60836,61252,26,442
21571,60810,60843,61263,33,453
21572,60810,60852,61276,42,466
21573,60810,60855,61286,45,476
21574,60810,60865,61303,55,493
21575,60870,60874,61312,4,442
21576,60870,60880,61327,10,457
21577,60870,60887,61324,17,454
21578,60870,60887,61574,17,704
21579,60870,60963,61341,93,471
21580,60930,60965,61350,35,420
21581,60930,60965,61371,35,441
21582,60930,60969,61370,39,440
21583,60930,60973,61392,43,462
21584,60930,60982,61472,52,542
21585,60930,60988,61419,58,489
21586,60930,60990,61476,60,546
21587,60990,60994,61476,4,486
21588,60990,60997,61460,7,470
21589,60990,61019,61480,29,490
21590,60990,61025,61482,35,492
21591,61050,61040,62480,-10,1430
21592,61050,61052,61486,2,436
21593,61050,61052,61573,2,523
21594,61050,61054,61501,4,451
21595,61050,61055,61506,5,456
21596,61050,61061,61517,11,467
21597,61050,61066,61523,16,473
21598,61050,61071,61538,21,488
21599,61050,61077,61549,27,499
21600,61110,61121,61584,11,474
21601,61110,61123,62560,13,1450
21602,61110,61132,61590,22,480
21603,61110,61138,61592,28,482
21604,61170,61160,61591,-10,421
21605,61170,61168,61597,-2,427
21606,61170,61170,61616,0,446
21607,61170,61172,61608,2,438
21608,61170,61188,61608,18,438
21609,61230,61212,61613,-18,383
21610,61290,61410,61674,120,384
21611,61290,61410,61623,120,333
21612,61290,61411,61686,121,396
21613,61290,61414,61633,124,343
21614,61350,61416,61644,66,294
21615,61350,61418,61660,68,310
21616,61350,61422,61668,72,318
21617,61350,61422,61703,72,353
21618,61410,61424,61700,14,290
21619,61410,61424,61736,14,326
21620,61410,61425,61745,15,335
21621,61410,61427,61713,17,303
21622,61470,61477,61716,7,246
21623,61470,61484,61722,14,252
21624,61470,61490,61735,20,265
21625,61470,61491,61768,21,298
21626,61470,61499,61785,29,315
21627,61470,61504,61748,34,278
21628,61470,61505,61759,35,289
21629,61470,61510,61678,40,208
21630,61530,61513,61767,-17,237
21631,61530,61516,61776,-14,246
21632,61530,61603,61727,73,197
21633,61530,61610,61786,80,256
21634,61530,61612,61784,82,254
21635,61530,61614,61792,84,262
21636,61590,61621,61797,31,207
21637,61590,61623,61871,33,281
21638,61590,61630,61855,40,265
21639,61590,61636,61882,46,292
21640,61590,61643,61898,53,308
21641,61650,61745,61968,95,318
21642,61650,61820,61838,170,188
21643,61650,61751,61932,101,282
21644,61710,61756,61961,46,251
21645,61710,61766,61972,56,262
21646,61710,61768,61965,58,255
21647,61710,61769,62061,59,351
21648,61770,61773,62064,3,294
21649,61770,61776,62056,6,286
21650,61770,61778,62011,8,241
21651,61770,61780,62073,10,303
21652,61770,61783,62023,13,253
21653,61770,61785,62185,15,415
21654,61770,61788,62079,18,309
21655,61770,61792,62077,22,307
21656,61770,61797,62082,27,312
21657,61770,61804,62087,34,317
21658,61830,61871,62105,41,275
21659,61830,61877,62104,47,274
21660,61830,61878,62109,48,279
21661,61830,61878,62180,48,350
21662,61830,61881,62184,51,354
21663,61830,61886,62960,56,1130
21664,61830,61891,62133,61,303
21665,61830,61893,62195,63,365
21666,61890,61899,62201,9,311
21667,61890,61906,62202,16,312
21668,61950,61946,62158,-4,208
21669,61950,61948,62207,-2,257
21670,61950,61954,62185,4,235
21671,61950,61971,63000,21,1050
21672,62010,62041,62210,31,200
21673,62070,62072,62213,2,143
21674,62070,62096,62210,26,140
21675,62130,62111,62221,-19,91
21676,62130,62116,62243,-14,113
21677,62130,62122,62538,-8,408
21678,62130,62125,62297,-5,167
21679,62130,62131,62314,1,184
21680,62130,62200,62340,70,210
21681,62190,62203,62353,13,163
21682,62190,62205,62362,15,172
21683,62190,62218,62370,28,180
21684,62250,62243,62386,-7,136
21685,62250,62259,62421,9,171
21686,62250,62264,62425,14,175
21687,62250,62266,62437,16,187
21688,62250,62269,62450,19,200
21689,62310,62291,62456,-19,146
21690,62310,62322,62474,12,164
21691,62310,62337,62482,27,172
21692,62370,62343,62488,-27,118
21693,62370,62370,62497,0,127
21694,62370,62375,62502,5,132
21695,62370,62382,62531,12,161
21696,62370,62401,62553,31,183
21697,62370,62409,62570,39,200
21698,62370,62415,62664,45,294
21699,62370,62423,62661,53,291
21700,62430,62437,62607,7,177
21701,62430,62439,62632,9,202
21702,62430,62446,62665,16,235
21703,62430,62454,62657,24,227
21704,62490,62474,62808,-16,318
21705,62490,62493,62680,3,190
21706,62490,62495,62681,5,191
21707,62490,62522,63610,32,1120
21708,62490,62524,62686,34,196
21709,62550,62526,62811,-24,261
21710,62550,62533,62817,-17,267
21711,62550,62573,62721,23,171
21712,62550,62575,62825,25,275
21713,62550,62582,62836,32,286
21714,62550,62589,62791,39,241
21715,62610,62597,62789,-13,179
21716,62610,62599,62834,-11,224
21717,62610,62674,63085,64,475
21718,62610,62675,62860,65,250
21719,62610,62677,62868,67,258
21720,62610,62678,63070,68,460
21721,62610,62681,63074,71,464
21722,62670,62684,62952,14,282
21723,62670,62685,63077,15,407
21724,62670,62689,63080,19,410
21725,62730,62765,63082,35,352
21726,62730,62774,63011,44,281
21727,62730,62776,63084,46,354
21728,62730,62784,63089,54,359
21729,62790,62795,63174,5,384
21730,62790,62802,63066,12,276
21731,62790,62805,63337,15,547
21732,62850,62866,63346,16,496
21733,62850,62871,63350,21,500
21734,62850,62877,63940,27,1090
21735,62910,62905,63361,-5,451
21736,62910,62952,63366,42,456
21737,62910,62959,63371,49,461
21738,62910,62969,63434,59,524
21739,62970,62971,63191,1,221
21740,62970,63034,63381,64,411
21741,62970,63041,63388,71,418
21742,63030,63053,63466,23,436
21743,63030,63099,63418,69,388
21744,63030,63089,63438,59,408
21745,63030,63106,63468,76,438
21746,63030,63122,63455,92,425
21747,63030,63123,63461,93,431
21748,63030,63129,63481,99,451
21749,63030,63136,63475,106,445
21750,63030,63139,63481,109,451
21751,63090,63140,63503,50,413
21752,63090,63158,63505,68,415
21753,63090,63158,63509,68,419
21754,63090,63165,63514,75,424
21755,63150,63170,63529,20,379
21756,63150,63170,63534,20,384
21757,63150,63182,63534,32,384
21758,63150,63182,63555,32,405
21759,63210,63275,63548,65,338
21760,63210,63282,63739,72,529
21761,63210,63285,63563,75,353
21762,63210,63287,63744,77,534
21763,63210,63289,63748,79,538
21764,63270,63299,63616,29,346
21765,63270,63307,63751,37,481
21766,63270,63311,63625,41,355
21767,63270,63352,63625,82,355
21768,63270,63316,63629,46,359
21769,63330,63321,63630,-9,300
21770,63330,63347,63758,17,428
21771,63390,63376,63795,-14,405
21772,63390,63404,63667,14,277
21773,63390,63421,63671,31,281
21774,63390,63423,64460,33,1070
21775,63390,63425,63763,35,373
21776,63450,63457,63696,7,246
21777,63450,63460,63766,10,316
21778,63450,63473,63766,23,316
21779,63510,63481,63770,-29,260
21780,63510,63500,63763,-10,253
21781,63510,63547,63940,37,430
21782,63570,63569,63948,-1,378
21783,63570,63577,63792,7,222
21784,63570,63583,63796,13,226
21785,63570,63589,63951,19,381
21786,63570,63611,63954,41,384
21787,63570,63632,63822,62,252
21788,63570,63639,63827,69,257
21789,63630,63643,63959,13,329
21790,63630,63666,63963,36,333
21791,63630,63713,64752,83,1122
21792,63630,63721,63858,91,228
21793,63630,63723,63967,93,337
21794,63630,63745,63873,115,243
21795,63690,63748,63978,58,288
21796,63690,63783,63884,93,194
21797,63690,63785,63896,95,206
21798,63690,63789,63974,99,284
21799,63690,63808,63982,118,292
21800,63690,63839,63946,149,256
21801,63750,63842,63933,92,183
21802,63810,63845,63995,35,185
21803,63810,63871,63946,61,136
21804,63810,63877,64007,67,197
21805,63810,63900,64012,90,202
21806,63810,63905,64022,95,212
21807,63810,63932,64022,122,212
21808,63870,63936,64034,66,164
21809,63870,63944,64081,74,211
21810,63930,63961,64061,31,131
21811,63930,63963,64085,33,155
21812,63930,63974,64095,44,165
21813,63990,64000,64097,10,107
21814,63990,64031,64104,41,114
21815,64050,64033,64115,-17,65
21816,64110,64098,65110,-12,1000
21817,64110,64127,64266,17,156
21818,64170,64158,64330,-12,160
21819,64170,64175,64334,5,164
21820,64170,64198,64309,28,139
21821,64230,64223,64318,-7,88
21822,64230,64226,64367,-4,137
21823,64230,64252,64490,22,260
21824,64290,64262,64495,-28,205
21825,64290,64266,64499,-24,209
21826,64290,64286,64508,-4,218
21827,64290,64297,64500,7,210
21828,64290,64299,64631,9,341
21829,64350,64373,64525,23,175
21830,64350,64375,64596,25,246
21831,64410,64393,64631,-17,221
21832,64410,64406,64627,-4,217
21833,64410,64451,64581,41,171
21834,64410,64453,64589,43,179
21835,64470,64507,64626,37,156
21836,64530,64512,64630,-18,100
21837,64530,64515,64809,-15,279
21838,64530,64563,64647,33,117
21839,64530,64583,64653,53,123
21840,64530,64588,64817,58,287
21841,64590,64599,64671,9,81
21842,64590,64604,64666,14,76
21843,64650,64638,64837,-12,187
21844,64650,64666,65023,16,373
21845,64650,64690,65023,40,373
21846,64650,64693,65028,43,378
21847,64650,64698,65031,48,381
21848,64710,64708,65027,-2,317
21849,64710,64719,65028,9,318
21850,64710,64728,65930,18,1220
21851,64770,64752,65033,-18,263
21852,64770,64771,65093,1,323
21853,64770,64778,65118,8,348
21854,64830,64819,65172,-11,342
21855,64890,64865,65213,-25,323
21856,64890,64872,65277,-18,387
21857,64890,64882,65274,-8,384
21858,64890,64885,65297,-5,407
21859,64890,64894,65371,4,481
21860,64890,64954,65319,64,429
21861,64890,64956,65366,66,476
21862,64950,64963,65403,13,453
21863,64950,64969,65420,19,470
21864,64950,64972,65424,22,474
21865,65010,65001,65448,-9,438
21866,65010,65007,65468,-3,458
21867,65010,65035,65486,25,476
21868,65010,65039,65507,29,497
21869,65070,65139,65513,69,443
21870,65070,65149,65335,79,265
21871,65070,65159,65525,89,455
21872,65070,65169,65564,99,494
21873,65070,65183,65558,113,488
21874,65130,65189,65602,59,472
21875,65130,65192,65605,62,475
21876,65130,65193,65634,63,504
21877,65130,65194,65653,64,523
21878,65130,65198,65653,68,523
21879,65130,65201,65782,71,652
21880,65190,65201,65671,11,481
21881,65250,65261,65693,11,443
21882,65250,65269,65938,19,688
21883,65250,65287,65751,37,501
21884,65250,65298,65773,48,523
21885,65250,65305,65787,55,537
21886,65310,65310,65815,0,505
21887,65310,65313,65806,3,496
21888,65310,65369,65802,59,492
21889,65310,65372,65814,62,504
21890,65370,65385,65813,15,443
21891,65370,65388,65822,18,452
21892,65370,65396,65829,26,459
21893,65370,65400,65823,30,453
21894,65430,65445,65843,15,413
21895,65430,65455,65838,25,408
21896,65430,65467,65839,37,409
21897,65430,65472,65847,42,417
21898,65490,65482,65748,-8,258
21899,65490,65487,65855,-3,365
21900,65490,65558,65853,68,363
21901,65610,65624,66869,14,1259
21902,65610,65629,65883,19,273
21903,65610,65630,65888,20,278
21904,65610,65632,65892,22,282
21905,65670,65666,65904,-4,234
21906,65670,65668,65912,-2,242
21907,65670,65706,65913,36,243
21908,65670,65708,65925,38,255
21909,65790,65828,65987,38,197
21910,65850,65899,66085,49,235
21911,65850,65908,66089,58,239
21912,65850,65917,66123,67,273
21913,65910,65926,66092,16,182
21914,66030,66057,66112,27,82
21915,66150,66181,66677,31,527
21916,66210,66209,66406,-1,196
21917,66210,66212,66431,2,221
21918,66210,66222,66690,12,480
21919,66210,66234,66682,24,472
21920,66270,66377,66687,107,417
21921,66270,66383,66690,113,420
21922,66330,66390,66530,60,200
21923,66330,66393,66694,63,364
21924,66330,66402,66694,72,364
21925,66390,66410,66698,20,308
21926,66390,66418,66698,28,308
21927,66510,66576,66709,66,199
21928,66510,66601,66732,91,222
21929,66510,66613,66750,103,240
21930,66570,66620,66760,50,190
21931,66570,66623,66760,53,190
21932,66630,66626,66814,-4,184
21933,66630,66696,66790,66,160
21934,66690,66698,66818,8,128
21935,66690,66704,66818,14,128
21936,66750,66753,66860,3,110
21937,66750,66761,66839,11,89
21938,66870,66849,66899,-21,29
21939,66990,66997,67104,7,114
21940,66990,67005,67068,15,78
21941,67050,67050,67122,0,72
21942,67110,67106,67156,-4,46
21943,67290,67298,67334,8,44
21944,67350,67330,67441,-20,91
21945,67350,67368,67471,18,121
21946,67410,67425,67487,15,77
21947,67410,67438,67494,28,84
21948,67470,67472,68490,2,1020
21949,67470,67503,67588,33,118
21950,67590,67622,67673,32,83
21951,67830,67807,67897,-23,67
21952,67830,67845,68850,15,1020
21953,67890,67904,68056,14,166
21954,67950,67937,68059,-13,109
21955,68070,68071,68164,1,94
21956,68190,68188,69200,-2,1010
21957,68250,68235,68407,-15,157
21958,68310,68331,69340,21,1030
21959,68310,68352,68507,42,197
21960,68430,68436,68581,6,151
21961,68430,68466,69470,36,1040
21962,68490,68517,68733,27,243
21963,68550,68574,68847,24,297
21964,68610,68590,68850,-20,240
21965,68610,68633,68774,23,164
21966,68670,68656,68850,-14,180
21967,68730,68797,68889,67,159
21968,68910,68925,69076,15,166
21969,68910,68942,69950,32,1040
21970,68970,69006,69100,36,130
21971,69090,69100,70110,10,1020
21972,69570,69595,70111,25,541
21973,69630,69765,70770,135,1140
21974,69750,69902,70657,152,907
21975,69810,69908,70970,98,1160
21976,69810,69914,70663,104,853
21977,70050,70249,70550,199,500
21978,70110,70290,71300,180,1190
21979,70290,70383,70606,93,316
21980,70470,70493,70675,23,205
21981,70950,70971,71164,21,214
21982,71130,71109,71222,-21,92
21983,72390,72386,72515,-4,125
21984,72570,72560,72684,-10,114
21985,75630,75677,75738,47,108
21989,30930,31402,31519,472,589
21990,31050,31404,31552,354,502
21991,31590,31816,31962,226,372
21992,31710,31821,31981,111,271
21993,31710,31825,31904,115,194
21994,31830,31828,32004,-2,174
21995,31950,31944,32036,-6,86
21996,32070,32205,32503,135,433
21997,32130,32210,32540,80,410
21998,32190,32212,32577,22,387
21999,32190,32218,32596,28,406
22000,32250,32378,33743,128,1493
22001,32250,32399,33434,149,1184
22002,32250,32426,33746,176,1496
22003,32430,32442,33748,12,1318
22004,32550,32613,33561,63,1011
22005,32550,32696,33598,146,1048
22006,32610,32741,33928,131,1318
22007,32670,32749,33936,79,1266
22008,32670,32754,33654,84,984
22009,32730,32758,33936,28,1206
22010,32790,33043,33947,253,1157
22011,32790,33063,33702,273,912
22012,32910,33094,33715,184,805
22013,32970,33117,33774,147,804
22014,33030,33143,33939,113,909
22015,33150,33161,33760,11,610
22016,33150,33215,33945,65,795
22017,33150,33236,33946,86,796
22018,33210,33253,33812,43,602
22019,33270,33312,33843,42,573
22020,33450,33775,33885,325,435
22021,33570,33795,33893,225,323
22022,33570,33830,33954,260,384
22023,33570,33841,33932,271,362
22024,33570,33846,33951,276,381
22025,33630,33848,33956,218,326
22026,33870,33898,33986,28,116
22027,33990,34020,34087,30,97
22028,34050,34029,34129,-21,79
22029,34050,34046,34139,-4,89
22030,34050,34051,34140,1,90
22031,34110,34139,34161,29,51
22032,34170,34160,34269,-10,99
22033,34170,34179,34317,9,147
22034,34170,34183,34384,13,214
22035,34230,34225,34444,-5,214
22036,34230,34231,34352,1,122
22037,34290,34344,34448,54,158
22038,34350,34347,34499,-3,149
22039,34350,34353,34510,3,160
22040,34350,34368,34573,18,223
22041,34350,34403,34584,53,234
22042,34410,34405,34621,-5,211
22043,34410,34409,34638,-1,228
22044,34410,34414,34637,4,227
22045,34410,34433,34721,23,311
22046,34410,34435,34648,25,238
22047,34470,34490,34670,20,200
22048,34470,34497,34761,27,291
22049,34470,34504,34856,34,386
22050,34530,34549,34774,19,244
22051,34530,34573,34782,43,252
22052,34590,34575,34859,-15,269
22053,34590,34650,34920,60,330
22054,34590,34679,35023,89,433
22055,34590,34686,34948,96,358
22056,34590,34704,34948,114,358
22057,34650,34706,35026,56,376
22058,34710,34710,34993,0,283
22059,34710,34717,34996,7,286
22060,34770,34807,35034,37,264
22061,34770,34829,35136,59,366
22062,34770,34850,35053,80,283
22063,34830,34856,35055,26,225
22064,34830,34897,35068,67,238
22065,34890,34926,35133,36,243
22066,34890,34944,35084,54,194
22067,34950,34975,35137,25,187
22068,35070,35068,35173,-2,103
22069,35070,35113,35156,43,86
22070,35130,35133,35263,3,133
22071,35130,35142,35553,12,423
22072,35130,35144,35281,14,151
22073,35130,35171,35346,41,216
22074,35190,35205,35463,15,273
22075,35250,35225,35366,-25,116
22076,35250,35253,35394,3,144
22077,35250,35248,35400,-2,150
22078,35250,35261,35467,11,217
22079,35250,35266,35419,16,169
22080,35250,35267,35422,17,172
22081,35250,35295,35468,45,218
22082,35310,35352,35538,42,228
22083,35370,35359,35510,-11,140
22084,35370,35360,35731,-10,361
22085,35370,35367,35555,-3,185
22086,35370,35548,35685,178,315
22087,35370,35571,35873,201,503
22088,35430,35560,35766,130,336
22089,35430,35575,35795,145,365
22090,35490,35586,36600,96,1110
22091,35550,35591,35860,41,310
22092,35610,35593,35996,-17,386
22093,35610,35629,35924,19,314
22094,35670,35647,36004,-23,334
22095,35670,35656,36001,-14,331
22096,35730,35726,35964,-4,234
22097,35730,35729,35973,-1,243
22098,35790,35791,36034,1,244
22099,35790,35796,36031,6,241
22100,35790,35818,36088,28,298
22101,35850,35858,36107,8,257
22102,35850,35874,36115,24,265
22103,35910,35973,36226,63,316
22104,35910,35978,36524,68,614
22105,35970,35984,36161,14,191
22106,35970,35999,36165,29,195
22107,35970,36002,36528,32,558
22108,35970,36007,36311,37,341
22109,35970,36009,36531,39,561
22110,35970,36014,36534,44,564
22111,36030,36021,36255,-9,225
22112,36090,36121,36556,31,466
22113,36090,36138,36593,48,503
22114,36090,36143,36606,53,516
22115,36090,36148,37410,58,1320
22116,36090,36222,36649,132,559
22117,36150,36224,36688,74,538
22118,36150,36228,36725,78,575
22119,36150,36237,36731,87,581
22120,36150,36240,36782,90,632
22121,36150,36244,36758,94,608
22122,36210,36247,36797,37,587
22123,36210,36256,36813,46,603
22124,36210,36265,36807,55,597
22125,36210,36267,36815,57,605
22126,36270,36269,36848,-1,578
22127,36270,36276,36882,6,612
22128,36270,36300,36889,30,619
22129,36270,36302,36985,32,715
22130,36270,36315,36924,45,654
22131,36330,36477,36989,147,659
22132,36330,36485,36954,155,624
22133,36330,36493,37014,163,684
22134,36390,36499,37018,109,628
22135,36390,36504,37022,114,632
22136,36450,36504,37139,54,689
22137,36450,36509,37353,59,903
22138,36510,36513,37109,3,599
22139,36510,36546,37128,36,618
22140,36510,36561,37120,51,610
22141,36510,36591,37124,81,614
22142,36630,36645,37357,15,727
22143,36630,36652,37166,22,536
22144,36630,36654,37169,24,539
22145,36630,36655,37174,25,544
22146,36630,36658,37200,28,570
22147,36690,36673,37910,-17,1220
22148,36690,36742,37317,52,627
22149,36690,36752,37299,62,609
22150,36750,36754,37342,4,592
22151,36750,36756,37370,6,620
22152,36750,36768,37414,18,664
22153,36750,36793,37417,43,667
22154,36810,36800,37471,-10,661
22155,36810,36835,37476,25,666
22156,36810,36857,37503,47,693
22157,36870,36907,37488,37,618
22158,36870,36915,37458,45,588
22159,36930,36922,37462,-8,532
22160,36930,36936,37497,6,567
22161,36930,36945,37676,15,746
22162,36930,36956,37503,26,573
22163,36930,36961,37677,31,747
22164,36990,36979,37681,-11,691
22165,36990,37133,37684,143,694
22166,36990,37154,37541,164,551
22167,37050,37156,37688,106,638
22168,37050,37162,37552,112,502
22169,37050,37163,37693,113,643
22170,37110,37170,37580,60,470
22171,37110,37171,37581,61,471
22172,37170,37173,37695,3,525
22173,37170,37202,37700,32,530
22174,37170,37207,37621,37,451
22175,37170,37218,37744,48,574
22176,37230,37223,37632,-7,402
22177,37230,37251,37766,21,536
22178,37290,37300,37732,10,442
22179,37290,37303,37750,13,460
22180,37290,37344,37790,54,500
22181,37350,37346,38800,-4,1450
22182,37350,37387,37980,37,630
22183,37410,37389,38003,-21,593
22184,37410,37394,38045,-16,635
22185,37410,37400,37976,-10,566
22186,37410,37405,38064,-5,654
22187,37410,37407,38108,-3,698
22188,37410,37410,38079,0,669
22189,37470,37619,38098,149,628
22190,37470,37628,38102,158,632
22191,37530,37630,38104,100,574
22192,37530,37636,37984,106,454
22193,37530,37642,38132,112,602
22194,37530,37647,39110,117,1580
22195,37530,37655,38122,125,592
22196,37590,37660,38131,70,541
22197,37590,37664,38143,74,553
22198,37590,37668,38150,78,560
22199,37650,37673,38288,23,638
22200,37650,37679,38290,29,640
22201,37650,37693,38293,43,643
22202,37710,37715,38297,5,587
22203,37710,37735,38300,25,590
22204,37770,37747,39190,-23,1420
22205,37770,37757,38307,-13,537
22206,37770,37773,38310,3,540
22207,37770,37792,38318,22,548
22208,37830,37808,38317,-22,487
22209,37830,37856,38320,26,490
22210,37830,37862,38322,32,492
22211,37830,37892,38329,62,499
22212,37890,37901,38332,11,442
22213,37890,37958,38233,68,343
22214,37890,37962,38304,72,414
22215,37890,37970,38273,80,383
22216,37950,37972,38287,22,337
22217,37950,37974,38336,24,386
22218,37950,37984,38335,34,385
22219,38010,37990,38344,-20,334
22220,38010,38082,38331,72,321
22221,38010,38083,38365,73,355
22222,38010,38084,38350,74,340
22223,38010,38090,38347,80,337
22224,38070,38092,38360,22,290
22225,38070,38096,39360,26,1290
22226,38130,38140,38374,10,244
22227,38130,38142,38529,12,399
22228,38130,38147,38402,17,272
22229,38130,38148,38535,18,405
22230,38130,38153,38539,23,409
22231,38130,38158,38538,28,408
22232,38130,38163,39420,33,1290
22233,38130,38167,38545,37,415
22234,38190,38173,38547,-17,357
22235,38190,38241,38552,51,362
22236,38190,38243,38555,53,365
22237,38250,38247,38518,-3,268
22238,38250,38284,38494,34,244
22239,38250,38285,38558,35,308
22240,38310,38337,38563,27,253
22241,38310,38345,38529,35,219
22242,38310,38347,38542,37,232
22243,38310,38349,39540,39,1230
22244,38310,38351,38565,41,255
22245,38310,38393,38578,83,268
22246,38310,38397,38610,87,300
22247,38370,38403,38616,33,246
22248,38370,38409,38613,39,243
22249,38370,38416,38639,46,269
22250,38370,38416,38692,46,322
22251,38370,38421,38620,51,250
22252,38430,38424,38625,-6,195
22253,38430,38426,38696,-4,266
22254,38430,38570,38649,140,219
22255,38490,38572,38699,82,209
22256,38490,38584,38669,94,179
22257,38490,38587,38679,97,189
22258,38490,38590,38702,100,212
22259,38490,38596,38702,106,212
22260,38490,38598,38903,108,413
22261,38490,38605,38861,115,371
22262,38550,38616,39700,66,1150
22263,38550,38623,38922,73,372
22264,38550,38630,38934,80,384
22265,38550,38633,38922,83,372
22266,38610,38636,38926,26,316
22267,38610,38638,38945,28,335
22268,38610,38645,38969,35,359
22269,38610,38652,38966,42,356
22270,38610,38659,38972,49,362
22271,38610,38666,38972,56,362
22272,38670,38668,38977,-2,307
22273,38670,38670,39017,0,347
22274,38670,38677,38984,7,314
22275,38670,38763,39090,93,420
22276,38730,38765,39087,35,357
22277,38730,38769,38998,39,268
22278,38730,38777,39790,47,1060
22279,38730,38779,39090,49,360
22280,38790,38787,39021,-3,231
22281,38790,38793,39090,3,300
22282,38790,38797,39025,7,235
22283,38790,38805,39096,15,306
22284,38790,38820,39095,30,305
22285,38850,38854,39096,4,246
22286,38850,38863,39048,13,198
22287,38850,38872,39096,22,246
22288,38850,38878,39100,28,250
22289,38910,38921,39105,11,195
22290,38910,38958,39126,48,216
22291,38970,38959,39129,-11,159
22292,38970,38979,39138,9,168
22293,38970,38994,39153,24,183
22294,38970,39002,39157,32,187
22295,39030,39007,39147,-23,117
22296,39030,39101,39183,71,153
22297,39030,39109,39218,79,188
22298,39090,39115,40160,25,1070
22299,39090,39120,39314,30,224
22300,39090,39126,39249,36,159
22301,39090,39127,39250,37,160
22302,39150,39146,39460,-4,310
22303,39150,39151,39271,1,121
22304,39150,39152,39463,2,313
22305,39150,39157,39294,7,144
22306,39210,39210,39500,0,290
22307,39210,39214,39517,4,307
22308,39210,39229,40260,19,1050
22309,39210,39290,39563,80,353
22310,39210,39297,39579,87,369
22311,39270,39311,39602,41,332
22312,39270,39318,39622,48,352
22313,39270,39321,39628,51,358
22314,39270,39323,39638,53,368
22315,39270,39323,39654,53,384
22316,39330,39328,39722,-2,392
22317,39330,39334,40370,4,1040
22318,39330,39337,39690,7,360
22319,39330,39344,39726,14,396
22320,39330,39353,39733,23,403
22321,39330,39363,39738,33,408
22322,39390,39367,39880,-23,490
22323,39390,39372,39887,-18,497
22324,39390,39400,39886,10,496
22325,39390,39409,39782,19,392
22326,39390,39411,39888,21,498
22327,39390,39417,39807,27,417
22328,39390,39419,39889,29,499
22329,39450,39449,39898,-1,448
22330,39450,39457,39863,7,413
22331,39450,39465,39869,15,419
22332,39510,39534,39884,24,374
22333,39510,39555,40080,45,570
22334,39510,39559,40083,49,573
22335,39510,39564,39919,54,409
22336,39570,39566,40087,-4,517
22337,39570,39570,40090,0,520
22338,39570,39594,39950,24,380
22339,39570,39595,40067,25,497
22340,39570,39598,40090,28,520
22341,39630,39605,40093,-25,463
22342,39630,39611,40098,-19,468
22343,39630,39616,40005,-14,375
22344,39630,39651,40100,21,470
22345,39630,39658,40042,28,412
22346,39630,39662,40760,32,1130
22347,39690,39667,40820,-23,1130
22348,39690,39671,40327,-19,637
22349,39690,39676,40159,-14,469
22350,39690,39678,40173,-12,483
22351,39690,39680,40177,-10,487
22352,39690,39681,40331,-9,641
22353,39690,39706,40211,16,521
22354,39690,39708,40216,18,526
22355,39690,39710,40221,20,531
22356,39690,39714,40336,24,646
22357,39750,39923,40248,173,498
22358,39750,39924,40339,174,589
22359,39750,39929,40342,179,592
22360,39750,39934,40393,184,643
22361,39810,39940,40386,130,576
22362,39810,39952,40399,142,589
22363,39810,39954,40405,144,595
22364,39810,39955,40568,145,758
22365,39810,39959,40459,149,649
22366,39810,40005,40423,195,613
22367,39810,40007,40576,197,766
22368,39810,40033,40435,223,625
22369,39810,40048,40439,238,629
22370,39870,40055,40581,185,711
22371,39870,40063,40458,193,588
22372,39870,40074,40588,204,718
22373,39870,40081,40484,211,614
22374,39870,40084,40467,214,597
22375,39930,40085,41110,155,1180
22376,39930,40091,40609,161,679
22377,39930,40096,40616,166,686
22378,39930,40123,40617,193,687
22379,39930,40130,40518,200,588
22380,39990,40131,40624,141,634
22381,39990,40144,40532,154,542
22382,39990,40149,40619,159,629
22383,39990,40153,40623,163,633
22384,39990,40161,40624,171,634
22385,40050,40165,40565,115,515
22386,40050,40183,40628,133,578
22387,40050,40188,40626,138,576
22388,40050,40194,40610,144,560
22389,40050,40195,40628,145,578
22390,40050,40201,40605,151,555
22391,40050,40205,40621,155,571
22392,40050,40213,40625,163,575
22393,40050,40217,40628,167,578
22394,40110,40220,40675,110,565
22395,40170,40226,40640,56,470
22396,40170,40228,40678,58,508
22397,40170,40235,40682,65,512
22398,40170,40250,40662,80,492
22399,40170,40252,40688,82,518
22400,40170,40257,40678,87,508
22401,40230,40266,40794,36,564
22402,40230,40271,40797,41,567
22403,40230,40276,40798,46,568
22404,40230,40280,40704,50,474
22405,40230,40282,40704,52,474
22406,40230,40284,40841,54,611
22407,40290,40290,40713,0,423
22408,40290,40291,40713,1,423
22409,40290,40292,40832,2,542
22410,40290,40296,40838,6,548
22411,40290,40302,40838,12,548
22412,40290,40307,40846,17,556
22413,40350,40352,40745,2,395
22414,40350,40359,40819,9,469
22415,40350,40362,40850,12,500
22416,40350,40372,40760,22,410
22417,40350,40376,40760,26,410
22418,40350,40378,40765,28,415
22419,40350,40389,40845,39,495
22420,40410,40414,40887,4,477
22421,40410,40630,40874,220,464
22422,40470,40661,40913,191,443
22423,40470,40667,40910,197,440
22424,40470,40678,40926,208,456
22425,40470,40681,40965,211,495
22426,40530,40687,40970,157,440
22427,40530,40702,40997,172,467
22428,40590,40709,40991,119,401
22429,40590,40722,41003,132,413
22430,40650,40764,41002,114,352
22431,40650,40768,41004,118,354
22432,40710,40776,41039,66,329
22433,40710,40785,41019,75,309
22434,40710,40807,41018,97,308
22435,40710,40818,41029,108,319
22436,40710,40822,42030,112,1320
22437,40710,40863,41072,153,362
22438,40770,40874,41154,104,384
22439,40770,40881,41194,111,424
22440,40770,40888,41225,118,455
22441,40770,40895,41228,125,458
22442,40830,40897,41232,67,402
22443,40830,40898,41236,68,406
22444,40830,40899,41256,69,426
22445,40830,40905,41335,75,505
22446,40830,40912,41320,82,490
22447,40890,40935,41355,45,465
22448,40890,40943,42140,53,1250
22449,40890,40949,41528,59,638
22450,40890,40954,41459,64,569
22451,40890,40957,41534,67,644
22452,40890,40959,41732,69,842
22453,40890,40966,41758,76,868
22454,40890,40968,41956,78,1066
22455,40890,40974,41965,84,1075
22456,40890,40980,41911,90,1021
22457,40950,40983,41909,33,959
22458,40950,40985,41918,35,968
22459,41010,41232,41924,222,914
22460,41010,41238,41918,228,908
22461,41010,41411,42038,401,1028
22462,41010,41247,41950,237,940
22463,41070,41267,41955,197,885
22464,41070,41271,42320,201,1250
22465,41130,41287,42328,157,1198
22466,41130,41289,42333,159,1203
22467,41130,41294,42344,164,1214
22468,41190,41316,42346,126,1156
22469,41190,41330,42356,140,1166
22470,41190,41335,42092,145,902
22471,41190,41348,42358,158,1168
22472,41190,41353,42356,163,1166
22473,41190,41374,42361,184,1171
22474,41250,41484,42151,234,901
22475,41250,41381,42363,131,1113
22476,41250,41390,42154,140,904
22477,41250,41398,42366,148,1116
22478,41250,41422,42169,172,919
22479,41310,41423,42366,113,1056
22480,41310,41435,42198,125,888
22481,41310,41443,42370,133,1060
22482,41310,41525,42224,215,914
22483,41370,41446,42386,76,1016
22484,41370,41455,42378,85,1008
22485,41370,41462,42380,92,1010
22486,41370,41463,42385,93,1015
22487,41370,41468,42261,98,891
22488,41370,41474,42393,104,1023
22489,41370,41479,42297,109,927
22490,41370,41484,42389,114,1019
22491,41370,41492,42290,122,920
22492,41430,41497,42393,67,963
22493,41430,41500,42419,70,989
22494,41430,41508,42306,78,876
22495,41490,41517,42319,27,829
22496,41490,41522,42405,32,915
22497,41490,41530,42324,40,834
22498,41490,41539,42396,49,906
22499,41490,41561,42341,71,851
22500,41490,41570,42340,80,850
22501,41490,41572,42400,82,910
22502,41550,41580,42406,30,856
22503,41550,41583,42412,33,862
22504,41550,41600,42424,50,874
22505,41610,41604,42450,-6,840
22506,41610,41625,42415,15,805
22507,41610,41647,42432,37,822
22508,41610,41630,42466,20,856
22509,41610,41642,42439,32,829
22510,41610,41647,42442,37,832
22511,41670,41656,42534,-14,864
22512,41670,41667,42466,-3,796
22513,41670,41689,42460,19,790
22514,41670,41699,42479,29,809
22515,41670,41708,42577,38,907
22516,41670,41715,42486,45,816
22517,41730,41718,42527,-12,797
22518,41730,41727,42503,-3,773
22519,41730,41729,42514,-1,784
22520,41730,41741,42550,11,820
22521,41730,41750,42539,20,809
22522,41730,41754,42632,24,902
22523,41730,41760,42635,30,905
22524,41790,41769,42637,-21,847
22525,41790,41782,42585,-8,795
22526,41790,41785,42652,-5,862
22527,41790,41795,42645,5,855
22528,41790,41805,42721,15,931
22529,41790,41819,42724,29,934
22530,41790,41827,42642,37,852
22531,41850,41829,42650,-21,800
22532,41850,41831,42650,-19,800
22533,41850,41970,42730,120,880
22534,41850,41989,42731,139,881
22535,41850,42013,42737,163,887
22536,41850,42040,42735,190,885
22537,41910,42049,42691,139,781
22538,41910,42061,42741,151,831
22539,41910,42065,42697,155,787
22540,41970,42091,42697,121,727
22541,41970,42106,42750,136,780
22542,41970,42136,42759,166,789
22543,41970,42153,42718,183,748
22544,41970,42194,42763,224,793
22545,42030,42210,42840,180,810
22546,42030,42224,42751,194,721
22547,42030,42247,43500,217,1470
22548,42030,42262,42845,232,815
22549,42090,42264,42793,174,703
22550,42090,42266,43770,176,1680
22551,42090,42268,42847,178,757
22552,42090,42275,43790,185,1700
22553,42090,42279,42856,189,766
22554,42150,42281,42858,131,708
22555,42150,42284,43102,134,952
22556,42150,42287,43095,137,945
22557,42150,42291,42898,141,748
22558,42150,42291,42906,141,756
22559,42150,42293,43102,143,952
22560,42210,42296,42934,86,724
22561,42210,42297,42934,87,724
22562,42210,42298,42942,88,732
22563,42210,42299,43108,89,898
22564,42210,42303,43107,93,897
22565,42270,42315,43111,45,841
22566,42270,42319,43006,49,736
22567,42270,42324,43112,54,842
22568,42330,42328,43163,-2,833
22569,42330,42341,43033,11,703
22570,42390,42378,43117,-12,727
22571,42390,42405,43119,15,729
22572,42390,42417,43122,27,732
22573,42390,42447,43212,57,822
22574,42450,42570,43145,120,695
22575,42450,42580,43293,130,843
22576,42510,42586,43223,76,713
22577,42510,42588,43218,78,708
22578,42510,42597,43216,87,706
22579,42510,42599,43345,89,835
22580,42510,42605,43231,95,721
22581,42510,42607,43333,97,823
22582,42570,42615,43335,45,765
22583,42570,42625,43257,55,687
22584,42570,42627,43263,57,693
22585,42570,42628,43263,58,693
22586,42570,42629,43267,59,697
22587,42570,42633,43272,63,702
22588,42570,42634,43414,64,844
22589,42630,42646,43345,16,715
22590,42630,42653,43305,23,675
22591,42630,42654,43306,24,676
22592,42630,42656,43348,26,718
22593,42630,42660,43329,30,699
22594,42630,42662,43369,32,739
22595,42630,42666,44040,36,1410
22596,42630,42667,43445,37,815
22597,42630,42674,43378,44,748
22598,42630,42675,43416,45,786
22599,42630,42680,43421,50,791
22600,42630,42685,43562,55,932
22601,42690,42689,43459,-1,769
22602,42690,42694,43482,4,792
22603,42690,42711,43462,21,772
22604,42750,42850,43494,100,744
22605,42750,42864,43569,114,819
22606,42750,42879,43508,129,758
22607,42750,42882,43581,132,831
22608,42750,42904,43591,154,841
22609,42810,42912,43596,102,786
22610,42810,42944,43539,134,729
22611,42810,42948,43540,138,730
22612,42810,42959,43600,149,790
22613,42810,42987,43649,177,839
22614,42810,43000,43629,190,819
22615,42870,43011,43622,141,752
22616,42870,43018,43655,148,785
22617,42870,43028,43658,158,788
22618,42870,43348,43378,478,508
22619,42930,43035,43662,105,732
22620,42930,43043,43684,113,754
22621,42930,43065,43671,135,741
22622,42930,43081,43668,151,738
22623,42930,43084,43737,154,807
22624,42930,43101,43740,171,810
22625,42990,43126,43716,136,726
22626,42990,43143,43700,153,710
22627,42990,43146,43744,156,754
22628,42990,43154,43838,164,848
22629,43050,43164,43747,114,697
22630,43050,43175,43840,125,790
22631,43110,43189,43761,79,651
22632,43110,43194,43765,84,655
22633,43170,43197,43761,27,591
22634,43170,43225,43849,55,679
22635,43170,43232,43847,62,677
22636,43170,43238,43784,68,614
22637,43170,43242,43787,72,617
22638,43170,43244,43814,74,644
22639,43170,43247,43793,77,623
22640,43170,43251,43848,81,678
22641,43230,43260,43820,30,590
22642,43230,43262,43820,32,590
22643,43230,43265,43825,35,595
22644,43230,43267,43861,37,631
22645,43290,43345,43837,55,547
22646,43290,43348,43944,58,654
22647,43290,43356,43948,66,658
22648,43290,43364,43970,74,680
22649,43290,43376,43870,86,580
22650,43290,43420,43955,130,665
22651,43290,43444,43958,154,668
22652,43290,43457,44780,167,1490
22653,43290,43460,43961,170,671
22654,43290,43465,43903,175,613
22655,43350,43468,43976,118,626
22656,43350,43478,43969,128,619
22657,43350,43484,43913,134,563
22658,43350,43486,43914,136,564
22659,43350,43490,43972,140,622
22660,43410,43501,43921,91,511
22661,43410,43504,43948,94,538
22662,43410,43506,43984,96,574
22663,43410,43513,43979,103,569
22664,43410,43520,44003,110,593
22665,43410,43527,43954,117,544
22666,43470,43531,43986,61,516
22667,43470,43541,43990,71,520
22668,43470,43556,44004,86,534
22669,43470,43572,44041,102,571
22670,43470,43592,44001,122,531
22671,43530,43597,44050,67,520
22672,43530,43607,44062,77,532
22673,43590,43617,44018,27,428
22674,43590,43619,44017,29,427
22675,43590,43622,44023,32,433
22676,43590,43624,44071,34,481
22677,43590,43630,44092,40,502
22678,43590,43630,44105,40,515
22679,43650,43637,44080,-13,430
22680,43650,43845,44097,195,447
22681,43710,43868,44061,158,351
22682,43710,43872,44127,162,417
22683,43710,43885,44078,175,368
22684,43710,43890,44069,180,359
22685,43710,43895,44110,185,400
22686,43710,43906,44079,196,369
22687,43710,43908,45040,198,1330
22688,43770,43912,44118,142,348
22689,43770,43925,44100,155,330
22690,43770,43930,44094,160,324
22691,43770,43930,44128,160,358
22692,43770,43937,44108,167,338
22693,43830,43941,44104,111,274
22694,43830,43943,44107,113,277
22695,43830,43946,44106,116,276
22696,43830,43949,44146,119,316
22697,43830,43954,44148,124,318
22698,43830,43966,44126,136,296
22699,43890,43966,44157,76,267
22700,43950,43971,44177,21,227
22701,43950,43981,44143,31,193
22702,43950,43985,44173,35,223
22703,43950,43999,44198,49,248
22704,43950,44033,44253,83,303
22705,43950,44044,44189,94,239
22706,43950,44051,44204,101,254
22707,43950,44061,44244,111,294
22708,43950,44068,44240,118,290
22709,44010,44069,44248,59,238
22710,44010,44078,44256,68,246
22711,44070,44081,44257,11,187
22712,44070,44088,44270,18,200
22713,44070,44094,44266,24,196
22714,44070,44097,44264,27,194
22715,44070,44097,44273,27,203
22716,44070,44106,44276,36,206
22717,44190,44203,44321,13,131
22718,44190,44208,44322,18,132
22719,44190,44210,44467,20,277
22720,44190,44213,44321,23,131
22721,44190,44217,44324,27,134
22722,44250,44236,45240,-14,990
22723,44250,44240,44336,-10,86
22724,44250,44241,44325,-9,75
22725,44310,44310,44394,0,84
22726,44310,44336,44397,26,87
22727,44370,44345,44432,-25,62
22728,44370,44357,44445,-13,75
22729,44370,44376,44554,6,184
22730,44370,44398,44469,28,99
22731,44430,44415,44470,-15,40
22732,44490,44470,44500,-20,10
22733,44490,44485,44558,-5,68
22734,44490,44490,44683,0,193
22735,44490,44506,44687,16,197
22736,44550,44529,44715,-21,165
22737,44610,44630,44722,20,112
22738,44670,44647,44801,-23,131
22739,44670,44684,44749,14,79
22740,44670,44671,44784,1,114
22741,44670,44691,44787,21,117
22742,44670,44695,44807,25,137
22743,44670,44698,44794,28,124
22744,44730,44737,44828,7,98
22745,44790,44788,44857,-2,67
22746,44790,44802,44880,12,90
22747,44790,44807,44862,17,72
22748,44850,44849,44917,-1,67
22749,44850,44856,44889,6,39
22750,44850,44861,44929,11,79
22751,44850,44868,44916,18,66
22752,44910,44946,45037,36,127
22753,44970,44953,45082,-17,112
22754,44970,44958,45073,-12,103
22755,44970,44961,45101,-9,131
22756,44970,45015,45116,45,146
22757,45030,45054,45128,24,98
22758,45090,45073,45150,-17,60
22759,45090,45094,45188,4,98
22760,45090,45096,45165,6,75
22761,45150,45139,45221,-11,71
22762,45150,45145,45243,-5,93
22763,45150,45154,45246,4,96
22764,45210,45202,45284,-8,74
22765,45210,45208,45287,-2,77
22766,45210,45213,45306,3,96
22767,45210,45220,45300,10,90
22768,45270,45302,45368,32,98
22769,45330,45324,45381,-6,51
22770,45330,45349,45380,19,50
22771,45450,45448,45536,-2,86
22772,45450,45475,45550,25,100
22773,45510,45494,45556,-16,46
22774,45570,45578,45616,8,46
22775,45630,45640,45689,10,59
22776,45690,45667,45818,-23,128
22777,45690,45678,45835,-12,145
22778,45690,45692,45839,2,149
22779,45690,45699,45849,9,159
22780,45690,45709,45967,19,277
22781,45690,45713,45970,23,280
22782,45750,45768,45878,18,128
22783,45750,45772,45973,22,223
22784,45750,45779,45898,29,148
22785,45810,45785,45911,-25,101
22786,45810,45793,45913,-17,103
22787,45810,45797,46940,-13,1130
22788,45810,45817,45997,7,187
22789,45870,45920,46013,50,143
22790,45870,45926,46099,56,229
22791,45870,45947,46046,77,176
22792,45930,45952,46102,22,172
22793,45930,45959,46104,29,174
22794,45990,46073,46237,83,247
22795,46050,46089,46253,39,203
22796,46050,46096,46264,46,214
22797,46050,46102,46284,52,234
22798,46050,46109,46297,59,247
22799,46050,46115,46295,65,245
22800,46050,46116,46313,66,263
22801,46050,46122,46329,72,279
22802,46110,46129,46343,19,233
22803,46170,46225,46387,55,217
22804,46170,46234,46468,64,298
22805,46170,46246,46481,76,311
22806,46170,46252,46491,82,321
22807,46170,46262,46499,92,329
22808,46170,46275,46506,105,336
22809,46230,46283,46522,53,292
22810,46230,46286,46566,56,336
22811,46230,46284,46525,54,295
22812,46230,46291,46535,61,305
22813,46230,46299,47310,69,1080
22814,46230,46310,46557,80,327
22815,46290,46333,46563,43,273
22816,46410,46391,46621,-19,211
22817,46410,46410,46625,0,215
22818,46410,46425,46631,15,221
22819,46410,46437,46592,27,182
22820,46470,46595,46686,125,216
22821,46470,46595,46716,125,246
22822,46530,46599,47139,69,609
22823,46530,46603,46750,73,220
22824,46530,46605,47142,75,612
22825,46530,46610,47145,80,615
22826,46590,46613,47148,23,558
22827,46590,46618,47151,28,561
22828,46590,46620,46834,30,244
22829,46650,46697,46861,47,211
22830,46710,46702,47154,-8,444
22831,46710,46707,46904,-3,194
22832,46710,46708,46926,-2,216
22833,46710,46715,47157,5,447
22834,46710,46725,46970,15,260
22835,46710,46727,47003,17,293
22836,46710,46729,47161,19,451
22837,46710,46737,47173,27,463
22838,46710,46742,47028,32,318
22839,46770,46744,47176,-26,406
22840,46770,46752,47179,-18,409
22841,46770,46771,47211,1,441
22842,46770,46782,47218,12,448
22843,46770,46784,47225,14,455
22844,46830,46837,47232,7,402
22845,46830,46861,47267,31,437
22846,46890,46869,47283,-21,393
22847,46890,46885,47313,-5,423
22848,46890,47104,47402,214,512
22849,46890,47117,47527,227,637
22850,46950,47120,47461,170,511
22851,46950,47136,47468,186,518
22852,46950,47139,47530,189,580
22853,46950,47154,47546,204,596
22854,47010,47170,47564,160,554
22855,47010,47179,47573,169,563
22856,47070,47191,47577,121,507
22857,47070,47213,47581,143,511
22858,47070,47238,47599,168,529
22859,47070,47270,47629,200,559
22860,47130,47248,48260,118,1130
22861,47130,47256,47650,126,520
22862,47190,47273,47659,83,469
22863,47190,47290,47664,100,474
22864,47190,47294,47827,104,637
22865,47190,47308,47675,118,485
22866,47190,47319,47699,129,509
22867,47250,47336,47830,86,580
22868,47310,47346,47833,36,523
22869,47310,47355,47730,45,420
22870,47310,47357,47710,47,400
22871,47310,47362,47711,52,401
22872,47310,47365,48410,55,1100
22873,47370,47409,47727,39,357
22874,47370,47424,47728,54,358
22875,47430,47434,47733,4,303
22876,47430,47448,47733,18,303
22877,47490,47494,47875,4,385
22878,47490,47510,47744,20,254
22879,47490,47533,47883,43,393
22880,47550,47574,47886,24,336
22881,47550,47578,47890,28,340
22882,47610,47600,47894,-10,284
22883,47610,47608,47897,-2,287
22884,47610,47635,47811,25,201
22885,47610,47639,47806,29,196
22886,47610,47641,47806,31,196
22887,47670,47736,47910,66,240
22888,47670,47786,47956,116,286
22889,47670,47811,48187,141,517
22890,47670,47824,48201,154,531
22891,47730,47830,48208,100,478
22892,47790,47842,48224,52,434
22893,47850,47857,48229,7,379
22894,47850,47861,48247,11,397
22895,47850,47878,48260,28,410
22896,47910,47895,48279,-15,369
22897,47910,47902,48285,-8,375
22898,47910,47912,48304,2,394
22899,47910,47928,48316,18,406
22900,47910,47933,48362,23,452
22901,47910,47951,48396,41,486
22902,47970,47954,48408,-16,438
22903,47970,47969,48431,-1,461
22904,47970,47988,48446,18,476
22905,47970,48065,48462,95,492
22906,48030,48070,48468,40,438
22907,48030,48072,48528,42,498
22908,48030,48078,48492,48,462
22909,48030,48079,48531,49,501
22910,48090,48088,48543,-2,453
22911,48090,48094,48705,4,615
22912,48090,48098,48709,8,619
22913,48090,48103,48712,13,622
22914,48090,48112,48599,22,509
22915,48090,48115,48600,25,510
22916,48090,48117,48604,27,514
22917,48090,48123,48714,33,624
22918,48090,48134,48621,44,531
22919,48150,48195,48622,45,472
22920,48150,48197,48668,47,518
22921,48210,48200,48715,-10,505
22922,48210,48209,49710,-1,1500
22923,48210,48536,48808,326,598
22924,48210,48541,48847,331,637
22925,48210,48544,48721,334,511
22926,48210,48549,48869,339,659
22927,48210,48553,48879,343,669
22928,48210,48557,48924,347,714
22929,48270,48561,48974,291,704
22930,48270,48565,48953,295,683
22931,48330,48569,48953,239,623
22932,48330,48570,48970,240,640
22933,48330,48574,49066,244,736
22934,48390,48574,49990,184,1600
22935,48390,48576,48817,186,427
22936,48390,48577,49021,187,631
22937,48390,48582,49059,192,669
22938,48450,48586,48856,136,406
22939,48450,48590,49044,140,594
22940,48450,48593,49067,143,617
22941,48450,48594,49073,144,623
22942,48510,48595,49116,85,606
22943,48510,48597,49118,87,608
22944,48510,48599,50090,89,1580
22945,48570,48602,49133,32,563
22946,48570,48604,49145,34,575
22947,48630,48614,49173,-16,543
22948,48630,48734,49154,104,524
22949,48690,48735,49168,45,478
22950,48690,48737,49230,47,540
22951,48750,48744,48952,-6,202
22952,48750,48787,49198,37,448
22953,48750,48792,49235,42,485
22954,48810,48793,49243,-17,433
22955,48810,48859,49257,49,447
22956,48810,48863,49261,53,451
22957,48870,48868,50270,-2,1400
22958,48870,48870,49288,0,418
22959,48870,48877,49301,7,431
22960,48870,48889,49320,19,450
22961,48870,48902,49326,32,456
22962,48870,48905,49323,35,453
22963,48930,49028,49340,98,410
22964,48930,49029,49339,99,409
22965,48930,49035,49347,105,417
22966,48930,49038,49369,108,439
22967,48930,49039,49361,109,431
22968,48930,49042,49363,112,433
22969,48990,49047,49398,57,408
22970,48990,49048,49379,58,389
22971,48990,49051,49428,61,438
22972,48990,49055,49403,65,413
22973,49050,49058,49413,8,363
22974,49050,49061,49264,11,214
22975,49050,49064,49422,14,372
22976,49050,49192,50430,142,1380
22977,49110,49197,49440,87,330
22978,49110,49198,49452,88,342
22979,49170,49202,49461,32,291
22980,49170,49204,49489,34,319
22981,49170,49204,49476,34,306
22982,49230,49238,49488,8,258
22983,49230,49240,49493,10,263
22984,49230,49289,49490,59,260
22985,49230,49292,49492,62,262
22986,49290,49301,49373,11,83
22987,49290,49304,49595,14,305
22988,49290,49311,49506,21,216
22989,49350,49368,49518,18,168
22990,49350,49371,49513,21,163
22991,49410,49411,49518,1,108
22992,49470,49466,49583,-4,113
22993,49470,49494,49620,24,150
22994,49530,49518,49601,-12,71
22995,49530,49519,49609,-11,79
22996,49530,49523,49608,-7,78
22997,49530,49528,49619,-2,89
22998,49530,49531,49686,1,156
22999,49530,49533,49665,3,135
23000,49530,49534,49619,4,89
23001,49530,49535,49626,5,96
23002,49530,49567,49626,37,96
23003,49530,49556,49650,26,120
23004,49590,49589,49636,-1,46
23005,49650,49634,49683,-16,33
23006,49650,49648,49730,-2,80
23007,49650,49651,50670,1,1020
23008,49650,49653,49703,3,53
23009,49650,49668,49744,18,94
23010,49650,49684,49768,34,118
23011,49710,49693,49776,-17,66
23012,49710,49699,49782,-11,72
23013,49710,49703,49796,-7,86
23014,49710,49705,49798,-5,88
23015,49710,49705,49812,-5,102
23016,49710,49709,49821,-1,111
23017,49770,49781,49905,11,135
23018,49770,49787,49853,17,83
23019,49770,49788,49871,18,101
23020,49770,49789,49908,19,138
23021,49770,49813,49880,43,110
23022,49830,49816,49909,-14,79
23023,49830,49832,50050,2,220
23024,49830,49837,50054,7,224
23025,49830,49843,50890,13,1060
23026,49830,49847,50062,17,232
23027,49830,49852,50065,22,235
23028,49890,49910,50069,20,179
23029,49890,49918,50138,28,248
23030,49950,49966,50143,16,193
23031,49950,49967,50980,17,1030
23032,49950,49974,50153,24,203
23033,49950,49996,50228,46,278
23034,49950,50037,50163,87,213
23035,50010,50039,50180,29,170
23036,50010,50010,50179,0,169
23037,50010,50023,50178,13,168
23038,50010,50034,50182,24,172
23039,50010,50044,50219,34,209
23040,50070,50070,50227,0,157
23041,50070,50082,50230,12,160
23042,50070,50101,50209,31,139
23043,50070,50109,50297,39,227
23044,50130,50113,50242,-17,112
23045,50130,50120,50282,-10,152
23046,50130,50129,50236,-1,106
23047,50130,50151,50300,21,170
23048,50130,50156,50257,26,127
23049,50190,50200,50304,10,114
23050,50190,50218,50278,28,88
23051,50190,50220,50300,30,110
23052,50190,50229,50296,39,106
23053,50190,50237,50304,47,114
23054,50250,50240,50338,-10,88
23055,50250,50247,50319,-3,69
23056,50250,50292,50422,42,172
23057,50250,50297,50356,47,106
23058,50310,50302,50353,-8,43
23059,50310,50304,50389,-6,79
23060,50310,50333,50376,23,66
23061,50310,50345,50416,35,106
23062,50370,50351,50416,-19,46
23063,50370,50402,50440,32,70
23064,50370,50404,50447,34,77
23065,50430,50413,50513,-17,83
23066,50430,50421,50516,-9,86
23067,50430,50448,50520,18,90
23068,50430,50453,51470,23,1040
23069,50430,50457,50603,27,173
23070,50490,50467,50555,-23,65
23071,50490,50526,50606,36,116
23072,50490,50556,50610,66,120
23073,50490,50559,50614,69,124
23074,50490,50566,50717,76,227
23075,50550,50573,50638,23,88
23076,50550,50575,50721,25,171
23077,50550,50581,50661,31,111
23078,50610,50615,50781,5,171
23079,50610,50634,50761,24,151
23080,50610,50649,50879,39,269
23081,50610,50662,50882,52,272
23082,50610,50673,50885,63,275
23083,50610,50681,50802,71,192
23084,50610,50683,50807,73,197
23085,50610,50684,50888,74,278
23086,50610,50688,50822,78,212
23087,50670,50690,50891,20,221
23088,50670,50695,50958,25,288
23089,50730,50752,50916,22,186
23090,50730,50754,50919,24,189
23091,50730,50755,50934,25,204
23092,50730,50757,50939,27,209
23093,50730,50759,50952,29,222
23094,50730,50761,50967,31,237
23095,50790,50763,50988,-27,198
23096,50790,50824,50984,34,194
23097,50790,50834,51015,44,225
23098,50850,50863,51189,13,339
23099,50850,50868,51037,18,187
23100,50850,50871,51192,21,342
23101,50850,50878,51196,28,346
23102,50850,50885,51050,35,200
23103,50910,50888,51064,-22,154
23104,50910,50930,52050,20,1140
23105,50970,51064,51199,94,229
23106,50970,51069,51203,99,233
23107,50970,51079,51363,109,393
23108,51030,51095,51220,65,190
23109,51030,51097,51223,67,193
23110,51030,51098,51373,68,343
23111,51030,51105,51376,75,346
23112,51090,51108,51256,18,166
23113,51090,51110,51258,20,168
23114,51090,51111,51262,21,172
23115,51090,51113,52160,23,1070
23116,51150,51131,51266,-19,116
23117,51150,51133,51270,-17,120
23118,51150,51214,51549,64,399
23119,51150,51236,52240,86,1090
23120,51150,51290,51521,140,371
23121,51150,51293,51569,143,419
23122,51150,51299,51554,149,404
23123,51210,51301,51560,91,350
23124,51210,51303,51634,93,424
23125,51210,51311,51643,101,433
23126,51210,51320,51799,110,589
23127,51210,51328,51608,118,398
23128,51270,51335,51615,65,345
23129,51270,51337,51613,67,343
23130,51270,51339,52470,69,1200
23131,51270,51396,51646,126,376
23132,51270,51398,51822,128,552
23133,51330,51405,51824,75,494
23134,51330,51412,51672,82,342
23135,51330,51414,51828,84,498
23136,51330,51417,51695,87,365
23137,51390,51419,51832,29,442
23138,51450,51434,51715,-16,265
23139,51450,51436,51717,-14,267
23140,51450,51481,51721,31,271
23141,51450,51483,51721,33,271
23142,51450,51483,51835,33,385
23143,51450,51487,51839,37,389
23144,51510,51490,51765,-20,255
23145,51510,51515,51770,5,260
23146,51510,51516,51845,6,335
23147,51510,51522,51784,12,274
23148,51570,51701,51955,131,385
23149,51570,51730,51912,160,342
23150,51570,51748,51925,178,355
23151,51690,51752,52000,62,310
23152,51690,51859,51988,169,298
23153,51690,51756,52008,66,318
23154,51750,51773,52020,23,270
23155,51750,51792,52087,42,337
23156,51810,51798,52023,-12,213
23157,51810,51817,52026,7,216
23158,51810,51842,52127,32,317
23159,51810,51850,52060,40,250
23160,51810,51858,52127,48,317
23161,51810,51871,52068,61,258
23162,51810,51884,52077,74,267
23163,51870,51886,52080,16,210
23164,51870,51902,52119,32,249
23165,51870,51894,52162,24,292
23166,51870,51909,52178,39,308
23167,51870,51913,52176,43,306
23168,51870,51921,52199,51,329
23169,51930,51938,52302,8,372
23170,51930,51943,52217,13,287
23171,51930,51949,52315,19,385
23172,51930,51955,52311,25,381
23173,51930,51961,52247,31,317
23174,51990,51982,52319,-8,329
23175,51990,51993,52271,3,281
23176,51990,52004,52322,14,332
23177,52050,52037,52288,-13,238
23178,52050,52040,52292,-10,242
23179,52050,52043,52344,-7,294
23180,52050,52052,52423,2,373
23181,52050,52072,52497,22,447
23182,52050,52075,52503,25,453
23183,52110,52083,52507,-27,397
23184,52110,52093,52567,-17,457
23185,52110,52117,52528,7,418
23186,52110,52120,52461,10,351
23187,52110,52127,52538,17,428
23188,52170,52165,52542,-5,372
23189,52170,52192,52469,22,299
23190,52170,52194,52647,24,477
23191,52230,52251,52651,21,421
23192,52230,52255,52643,25,413
23193,52230,52257,52654,27,424
23194,52230,52263,52603,33,373
23195,52230,52266,52658,36,428
23196,52290,52271,52518,-19,228
23197,52290,52284,52666,-6,376
23198,52290,52329,52674,39,384
23199,52290,52336,52637,46,347
23200,52350,52338,52656,-12,306
23201,52350,52340,52687,-10,337
23202,52350,52348,53680,-2,1330
23203,52350,52366,52693,16,343
23204,52350,52372,52703,22,353
23205,52350,52375,52717,25,367
23206,52350,52382,52718,32,368
23207,52350,52392,52729,42,379
23208,52410,52395,52735,-15,325
23209,52410,52404,52741,-6,331
23210,52410,52435,52756,25,346
23211,52470,52623,52748,153,278
23212,52530,52624,52766,94,236
23213,52530,52627,52766,97,236
23214,52530,52631,52852,101,322
23215,52530,52634,52828,104,298
23216,52530,52636,52835,106,305
23217,52530,52637,52840,107,310
23218,52530,52638,52856,108,326
23219,52590,52640,52864,50,274
23220,52590,52641,52928,51,338
23221,52590,52643,52914,53,324
23222,52590,52650,52913,60,323
23223,52590,52650,53027,60,437
23224,52650,52654,53399,4,749
23225,52650,52657,52998,7,348
23226,52650,52658,53007,8,357
23227,52650,52660,53029,10,379
23228,52650,52661,53193,11,543
23229,52710,52748,53399,38,689
23230,52710,52753,53167,43,457
23231,52710,52755,53176,45,466
23232,52710,52756,53444,46,734
23233,52710,52763,53546,53,836
23234,52770,52768,53890,-2,1120
23235,52770,52773,53555,3,785
23236,52770,52794,53558,24,788
23237,52770,52797,53561,27,791
23238,52830,52896,53565,66,735
23239,52830,52907,53572,77,742
23240,52830,52909,53578,79,748
23241,52830,52922,53594,92,764
23242,52890,53004,53627,114,737
23243,52890,53046,53660,156,770
23244,52890,53076,53693,186,803
23245,52890,53104,53702,214,812
23246,52890,53170,53730,280,840
23247,52890,53199,53738,309,848
23248,52890,53203,53770,313,880
23249,52890,53219,53782,329,892
23250,52890,53241,53791,351,901
23251,52950,53268,53923,318,973
23252,52950,53386,53822,436,872
23253,52950,53286,53801,336,851
23254,52950,53309,53800,359,850
23255,52950,53321,53821,371,871
23256,52950,53335,53814,385,864
23257,52950,53336,53817,386,867
23258,53010,53368,53823,358,813
23259,53010,53389,53831,379,821
23260,53010,53469,53836,459,826
23261,53070,53485,53835,415,765
23262,53070,53490,53836,420,766
23263,53070,53494,53878,424,808
23264,53070,53522,53844,452,774
23265,53130,53524,53845,394,715
23266,53130,53526,53845,396,715
23267,53130,53527,53848,397,718
23268,53190,53529,53848,339,658
23269,53190,53531,53860,341,670
23270,53190,53532,53866,342,676
23271,53190,53534,53851,344,661
23272,53250,53536,53860,286,610
23273,53250,53538,53856,288,606
23274,53250,53539,53858,289,608
23275,53250,53540,53862,290,612
23276,53250,53543,53861,293,611
23277,53310,53545,53875,235,565
23278,53310,53552,53867,242,557
23279,53310,53553,53869,243,559
23280,53310,53555,53872,245,562
23281,53310,53556,53952,246,642
23282,53310,53566,53953,256,643
23283,53310,53577,53963,267,653
23284,53370,53596,53889,226,519
23285,53370,53608,53890,238,520
23286,53430,53610,53964,180,534
23287,53430,53616,53898,186,468
23288,53430,53618,53969,188,539
23289,53430,53622,53903,192,473
23290,53430,53623,53969,193,539
23291,53430,53628,53906,198,476
23292,53550,53629,53908,79,358
23293,53550,53631,53972,81,422
23294,53550,53637,53924,87,374
23295,53550,53646,53972,96,422
23296,53550,53650,53994,100,444
23297,53610,53658,53979,48,369
23298,53610,53666,53976,56,366
23299,53610,53674,53958,64,348
23300,53670,53747,53959,77,289
23301,53730,53756,53961,26,231
23302,53730,53758,54048,28,318
23303,53790,53783,54048,-7,258
23304,53790,53785,53992,-5,202
23305,53790,53810,54002,20,212
23306,53790,53822,53997,32,207
23307,53790,53824,54004,34,214
23308,53850,53923,54078,73,228
23309,53850,53950,54056,100,206
23310,53970,53970,54054,0,84
23311,53970,53991,54085,21,115
23312,53970,54002,54118,32,148
23313,54030,54025,54136,-5,106
23314,54030,54037,54148,7,118
23315,54090,54094,54162,4,72
23316,54090,54116,54162,26,72
23317,54090,54122,54164,32,74
23318,54150,54132,54222,-18,72
23319,54150,54159,54234,9,84
23320,54150,54165,54234,15,84
23321,54150,54178,54245,28,95
23322,54150,54187,54232,37,82
23323,54210,54190,54264,-20,54
23324,54210,54194,54245,-16,35
23325,54210,54196,54260,-14,50
23326,54210,54246,55260,36,1050
23327,54270,54295,54326,25,56
23328,54270,54299,54397,29,127
23329,54330,54316,54409,-14,79
23330,54330,54323,54469,-7,139
23331,54330,54326,54468,-4,138
23332,54330,54338,54471,8,141
23333,54330,54342,54669,12,339
23334,54330,54351,54664,21,334
23335,54330,54355,54667,25,337
23336,54390,54369,55380,-21,990
23337,54390,54375,54522,-15,132
23338,54390,54392,54680,2,290
23339,54390,54401,54674,11,284
23340,54390,54412,54683,22,293
23341,54390,54421,54601,31,211
23342,54450,54425,54684,-25,234
23343,54450,54458,54666,8,216
23344,54450,54465,54686,15,236
23345,54450,54489,54671,39,221
23346,54510,54490,54633,-20,123
23347,54510,54493,54691,-17,181
23348,54510,54524,54690,14,180
23349,54510,54536,54766,26,256
23350,54570,54549,54716,-21,146
23351,54570,54559,54710,-11,140
23352,54570,54573,54772,3,202
23353,54570,54616,54775,46,205
23354,54570,54621,54781,51,211
23355,54570,54625,54799,55,229
23356,54630,54663,54787,33,157
23357,54630,54668,54881,38,251
23358,54690,54702,54884,12,194
23359,54690,54707,54861,17,171
23360,54690,54709,54817,19,127
23361,54690,54711,54889,21,199
23362,54690,54716,54898,26,208
23363,54690,54717,54918,27,228
23364,54750,54768,54950,18,200
23365,54750,54778,54968,28,218
23366,54750,54784,54975,34,225
23367,54810,54791,55041,-19,231
23368,54810,54826,54996,16,186
23369,54810,54828,55021,18,211
23370,54810,54837,55038,27,228
23371,54810,54845,55055,35,245
23372,54870,54900,54940,30,70
23373,54870,54902,55066,32,196
23374,54870,54907,55080,37,210
23375,54930,54913,55083,-17,153
23376,54930,54917,55096,-13,166
23377,54930,54962,55106,32,176
23378,54930,54967,55118,37,188
23379,54930,54971,55130,41,200
23380,54930,54984,55141,54,211
23381,54990,54988,55162,-2,172
23382,54990,55018,55184,28,194
23383,54990,55029,55259,39,269
23384,54990,55035,55248,45,258
23385,54990,55042,55252,52,262
23386,55050,55050,55199,0,149
23387,55050,55053,55255,3,205
23388,55050,55100,55223,50,173
23389,55050,55104,55236,54,186
23390,55110,55107,55258,-3,148
23391,55110,55110,55259,0,149
23392,55110,55225,55262,115,152
23393,55170,55233,55422,63,252
23394,55170,55247,55434,77,264
23395,55170,55261,55485,91,315
23396,55230,55266,55484,36,254
23397,55230,55268,55507,38,277
23398,55230,55269,55522,39,292
23399,55230,55271,55527,41,297
23400,55230,55273,55522,43,292
23401,55230,55275,55523,45,293
23402,55290,55276,55535,-14,245
23403,55290,55279,55569,-11,279
23404,55290,55289,55572,-1,282
23405,55290,55302,55547,12,257
23406,55290,55311,55549,21,259
23407,55290,55315,55551,25,261
23408,55350,55322,55563,-28,213
23409,55350,55326,55551,-24,201
23410,55350,55329,55570,-21,220
23411,55350,55335,55564,-15,214
23412,55350,55337,55614,-13,264
23413,55350,55349,55633,-1,283
23414,55350,55356,55648,6,298
23415,55350,55363,55598,13,248
23416,55350,55365,55603,15,253
23417,55350,55398,55664,48,314
23418,55410,55405,55657,-5,247
23419,55410,55408,55631,-2,221
23420,55410,55410,55661,0,251
23421,55410,55414,55665,4,255
23422,55410,55434,56490,24,1080
23423,55410,55454,55651,44,241
23424,55470,55456,55660,-14,190
23425,55530,55524,55682,-6,152
23426,55530,55554,55736,24,206
23427,55530,55581,55740,51,210
23428,55590,55588,55692,-2,102
23429,55590,55589,55693,-1,103
23430,55590,55598,55743,8,153
23431,55590,55604,55744,14,154
23432,55590,55610,55815,20,225
23433,55590,55617,55749,27,159
23434,55650,55709,55822,59,172
23435,55650,55714,55823,64,173
23436,55650,55718,55819,68,169
23437,55650,55720,55830,70,180
23438,55650,55728,55856,78,206
23439,55650,55733,55929,83,279
23440,55710,55736,56083,26,373
23441,55710,55740,55942,30,232
23442,55710,55743,55869,33,159
23443,55710,55745,55940,35,230
23444,55710,55749,55918,39,208
23445,55770,55808,56930,38,1160
23446,55830,55823,56033,-7,203
23447,55830,55832,56055,2,225
23448,55830,55838,56084,8,254
23449,55830,55843,56095,13,265
23450,55830,55845,56101,15,271
23451,55830,55852,56113,22,283
23452,55890,55866,56018,-24,128
23453,55890,55872,56122,-18,232
23454,55890,55884,56121,-6,231
23455,55890,55927,56136,37,246
23456,55890,55929,56138,39,248
23457,55950,55933,56136,-17,186
23458,55950,55941,56137,-9,187
23459,55950,56000,56157,50,207
23460,55950,56003,56158,53,208
23461,55950,56012,56157,62,207
23462,56010,56018,56166,8,156
23463,56010,56026,56173,16,163
23464,56010,56092,56187,82,177
23465,56070,56094,56250,24,180
23466,56070,56098,56250,28,180
23467,56070,56102,56194,32,124
23468,56130,56103,56253,-27,123
23469,56130,56149,56253,19,123
23470,56130,56155,56237,25,107
23471,56190,56207,56305,17,115
23472,56190,56211,56310,21,120
23473,56250,56276,56387,26,137
23474,56310,56289,56363,-21,53
23475,56310,56290,56382,-20,72
23476,56310,56304,56399,-6,89
23477,56310,56342,56418,32,108
23478,56370,56350,56421,-20,51
23479,56370,56351,57430,-19,1060
23480,56370,56358,56437,-12,67
23481,56370,56379,56478,9,108
23482,56370,56404,56490,34,120
23483,56430,56458,56567,28,137
23484,56430,56461,56521,31,91
23485,56490,56463,56541,-27,51
23486,56490,56516,56621,26,131
23487,56490,56530,56625,40,135
23488,56490,56531,56703,41,213
23489,56490,56534,56660,44,170
23490,56490,56535,56673,45,183
23491,56490,56536,56671,46,181
23492,56490,56538,56693,48,203
23493,56490,56541,56825,51,335
23494,56490,56545,56828,55,338
23495,56550,56575,56737,25,187
23496,56550,56584,56832,34,282
23497,56610,56611,56835,1,225
23498,56610,56622,56779,12,169
23499,56610,56631,56782,21,172
23500,56610,56644,56840,34,230
23501,56670,56659,56807,-11,137
23502,56670,56689,56874,19,204
23503,56730,56709,56916,-21,186
23504,56730,56716,56891,-14,161
23505,56730,56730,56883,0,153
23506,56730,56732,56928,2,198
23507,56730,56737,57024,7,294
23508,56730,56743,57027,13,297
23509,56730,56750,57030,20,300
23510,56730,56754,57053,24,323
23511,56730,56758,57047,28,317
23512,56730,56766,57038,36,308
23513,56790,56904,57062,114,272
23514,56850,56911,57022,61,172
23515,56850,56913,57061,63,211
23516,56910,56915,57115,5,205
23517,56910,56926,57118,16,208
23518,56910,56937,57121,27,211
23519,56970,56946,57125,-24,155
23520,56970,56983,57491,13,521
23521,56970,56988,57515,18,545
23522,56970,56994,57150,24,180
23523,57030,57060,57544,30,514
23524,57090,57127,57560,37,470
23525,57090,57132,57570,42,480
23526,57090,57139,57588,49,498
23527,57150,57140,57604,-10,454
23528,57150,57145,57626,-5,476
23529,57150,57146,57646,-4,496
23530,57150,57191,57675,41,525
23531,57210,57194,58680,-16,1470
23532,57210,57200,57761,-10,551
23533,57210,57290,57781,80,571
23534,57270,57294,57807,24,537
23535,57270,57296,57830,26,560
23536,57270,57300,57851,30,581
23537,57270,57303,57867,33,597
23538,57270,57306,57928,36,658
23539,57270,57309,58890,39,1620
23540,57330,57315,57951,-15,621
23541,57330,57320,57947,-10,617
23542,57390,57376,57952,-14,562
23543,57390,57401,57963,11,573
23544,57390,57414,57969,24,579
23545,57390,57429,57981,39,591
23546,57390,57452,58032,62,642
23547,57390,57456,57998,66,608
23548,57390,57470,58013,80,623
23549,57450,57471,59010,21,1560
23550,57450,57473,58048,23,598
23551,57450,57477,58062,27,612
23552,57510,57489,58154,-21,644
23553,57510,57520,58107,10,597
23554,57510,57539,58112,29,602
23555,57510,57554,58128,44,618
23556,57570,57559,58147,-11,577
23557,57570,57595,58165,25,595
23558,57570,57596,58203,26,633
23559,57630,57736,58185,106,555
23560,57630,57738,58206,108,576
23561,57630,57762,58213,132,583
23562,57690,57772,58231,82,541
23563,57690,57776,58254,86,564
23564,57690,57782,58248,92,558
23565,57690,57786,58242,96,552
23566,57690,57787,58250,97,560
23567,57690,57793,57963,103,273
23568,57750,57793,58271,43,521
23569,57750,57797,58262,47,512
23570,57750,57802,58035,52,285
23571,57810,57807,58270,-3,460
23572,57810,57847,59270,37,1460
23573,57810,57853,58280,43,470
23574,57870,57857,59280,-13,1410
23575,57870,57869,58304,-1,434
23576,57870,57896,58326,26,456
23577,57870,57897,58333,27,463
23578,57930,57901,58334,-29,404
23579,57930,57967,58345,37,415
23580,57930,57973,58356,43,426
23581,57990,57975,58254,-15,264
23582,58050,58137,58361,87,311
23583,58050,58143,58369,93,319
23584,58050,58150,58377,100,327
23585,58110,58152,58396,42,286
23586,58170,58165,58397,-5,227
23587,58170,58173,59390,3,1220
23588,58170,58298,58512,128,342
23589,58230,58303,58430,73,200
23590,58230,58306,58511,76,281
23591,58230,58315,58517,85,287
23592,58230,58322,58496,92,266
23593,58230,58326,58523,96,293
23594,58290,58333,58533,43,243
23595,58290,58344,58532,54,242
23596,58290,58353,58543,63,253
23597,58290,58355,58553,65,263
23598,58290,58361,58778,71,488
23599,58350,58367,58778,17,428
23600,58350,58373,58782,23,432
23601,58350,58381,58619,31,269
23602,58410,58384,58632,-26,222
23603,58410,58404,58636,-6,226
23604,58410,58406,59600,-4,1190
23605,58410,58536,58827,126,417
23606,58410,58543,58831,133,421
23607,58410,58545,58867,135,457
23608,58470,58551,58885,81,415
23609,58470,58557,58913,87,443
23610,58470,58563,58903,93,433
23611,58470,58565,58920,95,450
23612,58470,58570,58939,100,469
23613,58470,58575,58958,105,488
23614,58470,58580,58975,110,505
23615,58470,58595,59202,125,732
23616,58470,58698,59207,228,737
23617,58530,58792,59006,262,476
23618,58530,58706,59007,176,477
23619,58590,58711,59011,121,421
23620,58590,58721,59014,131,424
23621,58590,58726,59210,136,620
23622,58590,58731,59213,141,623
23623,58590,58736,59242,146,652
23624,58590,58740,59243,150,653
23625,58590,58748,59249,158,659
23626,58650,58782,59268,132,618
23627,58650,58808,59274,158,624
23628,58650,58813,59294,163,644
23629,58650,58833,59298,183,648
23630,58650,59016,59341,366,691
23631,58650,58848,59421,198,771
23632,58650,58852,59406,202,756
23633,58710,58858,59452,148,742
23634,58710,58867,59448,157,738
23635,58710,58876,59457,166,747
23636,58710,58879,59459,169,749
23637,58710,58884,59540,174,830
23638,58710,58890,59543,180,833
23639,58710,58900,59526,190,816
23640,58770,58903,59490,133,720
23641,58770,58915,59659,145,889
23642,58770,58919,59570,149,800
23643,58770,59161,59537,391,767
23644,58770,58932,59574,162,804
23645,58770,58956,59548,186,778
23646,58770,58972,59570,202,800
23647,58830,58975,59980,145,1150
23648,58830,58981,59640,151,810
23649,58830,58997,59652,167,822
23650,58830,59005,59606,175,776
23651,58830,59014,59613,184,783
23652,58890,59021,60030,131,1140
23653,58890,59046,59614,156,724
23654,58890,59079,59663,189,773
23655,58890,59103,59642,213,752
23656,58890,59106,59669,216,779
23657,58890,59116,59652,226,762
23658,58890,59120,59656,230,766
23659,58890,59140,59656,250,766
23660,58950,59149,59659,199,709
23661,58950,59168,59669,218,719
23662,58950,59178,60190,228,1240
23663,58950,59190,59752,240,802
23664,58950,59200,59689,250,739
23665,58950,59280,59765,330,815
23666,58950,59205,59708,255,758
23667,58950,59211,60220,261,1270
23668,59010,59229,59807,219,797
23669,59010,59255,59723,245,713
23670,59010,59285,59731,275,721
23671,59010,59294,59729,284,719
23672,59010,59296,59731,286,721
23673,59010,59296,59808,286,798
23674,59010,59299,59749,289,739
23675,59070,59301,59812,231,742
23676,59070,59306,59777,236,707
23677,59130,59310,59773,180,643
23678,59130,59311,59815,181,685
23679,59130,59314,60400,184,1270
23680,59130,59319,59877,189,747
23681,59190,59321,59878,131,688
23682,59190,59323,59867,133,677
23683,59190,59324,59868,134,678
23684,59190,59324,59873,134,683
23685,59250,59326,59987,76,737
23686,59250,59331,59894,81,644
23687,59250,59334,59889,84,639
23688,59310,59335,59977,25,667
23689,59310,59339,59902,29,592
23690,59310,59339,59990,29,680
23691,59310,59343,59923,33,613
23692,59310,59344,59920,34,610
23693,59310,59345,59982,35,672
23694,59310,59346,59933,36,623
23695,59310,59351,60550,41,1240
23696,59430,59430,60034,0,604
23697,59430,59436,59957,6,527
23698,59550,59539,60036,-11,486
23699,59550,59548,59981,-2,431
23700,59550,59552,60014,2,464
23701,59550,59601,60038,51,488
23702,59550,59640,60185,90,635
23703,59610,59658,60190,48,580
23704,59610,59673,60193,63,583
23705,59670,59680,60072,10,402
23706,59670,59702,60200,32,530
23707,59730,59725,60208,-5,478
23708,59730,59733,60212,3,482
23709,59730,59862,60108,132,378
23710,59730,59864,60218,134,488
23711,59730,59880,60133,150,403
23712,59790,59883,60225,93,435
23713,59790,59892,60245,102,455
23714,59790,59902,60198,112,408
23715,59790,59905,60238,115,448
23716,59790,59933,60259,143,469
23717,59790,59938,60490,148,700
23718,59790,59950,60279,160,489
23719,59790,59952,60285,162,495
23720,59790,59955,60309,165,519
23721,59850,59964,60313,114,463
23722,59850,59966,60320,116,470
23723,59850,59970,60493,120,643
23724,59910,59980,60497,70,587
23725,59910,59987,60506,77,596
23726,59910,59993,60390,83,480
23727,59910,59995,60396,85,486
23728,59910,59997,60448,87,538
23729,59970,60005,60509,35,539
23730,59970,60007,60512,37,542
23731,59970,60016,60623,46,653
23732,59970,60023,60628,53,658
23733,59970,60049,60631,79,661
23734,60030,60063,60593,33,563
23735,60030,60066,60682,36,652
23736,60030,60073,60643,43,613
23737,60030,60075,60643,45,613
23738,60030,60076,60659,46,629
23739,60030,60078,60656,48,626
23740,60090,60080,60857,-10,767
23741,60090,60088,60859,-2,769
23742,60090,60096,60701,6,611
23743,60090,60347,60705,257,615
23744,60150,60348,60868,198,718
23745,60150,60353,60865,203,715
23746,60150,60357,60780,207,630
23747,60150,60367,60867,217,717
23748,60150,60373,60870,223,720
23749,60150,60379,60872,229,722
23750,60210,60384,60824,174,614
23751,60210,60385,60875,175,665
23752,60210,60390,60879,180,669
23753,60210,60395,60883,185,673
23754,60270,60399,60929,129,659
23755,60270,60415,60949,145,679
23756,60270,60419,60958,149,688
23757,60330,60422,60964,92,634
23758,60330,60429,60972,99,642
23759,60390,60434,60977,44,587
23760,60390,60438,60983,48,593
23761,60390,60442,60987,52,597
23762,60390,60446,60986,56,596
23763,60390,60453,61035,63,645
23764,60450,60454,61002,4,552
23765,60450,60459,61009,9,559
23766,60450,60464,60994,14,544
23767,60450,60466,61018,16,568
23768,60450,60472,61093,22,643
23769,60450,60478,61100,28,650
23770,60450,60483,61102,33,652
23771,60510,60487,61132,-23,622
23772,60510,60492,61053,-18,543
23773,60510,60666,61054,156,544
23774,60510,60669,61870,159,1360
23775,60510,60675,61066,165,556
23776,60570,60677,61075,107,505
23777,60570,60682,61151,112,581
23778,60570,60686,61152,116,582
23779,60570,60692,61159,122,589
23780,60570,60695,61950,125,1380
23781,60570,60697,61162,127,592
23782,60570,60705,61162,135,592
23783,60630,60710,61168,80,538
23784,60630,60716,61255,86,625
23785,60630,60719,61178,89,548
23786,60630,60724,61264,94,634
23787,60630,60729,61197,99,567
23788,60690,60730,61267,40,577
23789,60690,60733,61207,43,517
23790,60690,60734,61271,44,581
23791,60690,60738,61271,48,581
23792,60690,60741,61229,51,539
23793,60690,60742,61273,52,583
23794,60690,60746,61344,56,654
23795,60690,60754,61291,64,601
23796,60810,60998,61376,188,566
23797,60810,61012,61294,202,484
23798,60870,61022,61295,152,425
23799,60870,61025,61303,155,433
23800,60870,61027,61381,157,511
23801,60870,61039,61383,169,513
23802,60870,61171,62180,301,1310
23803,60870,61175,61533,305,663
23804,60870,61179,61698,309,828
23805,60870,61194,61616,324,746
23806,60930,61210,61621,280,691
23807,60930,61214,61650,284,720
23808,60930,61216,61645,286,715
23809,60930,61230,61669,300,739
23810,60990,61231,61673,241,683
23811,60990,61238,61705,248,715
23812,60990,61249,62280,259,1290
23813,60990,61283,61722,293,732
23814,60990,61286,61745,296,755
23815,60990,61302,61976,312,986
23816,60990,61309,61804,319,814
23817,60990,61311,61783,321,793
23818,61050,61322,61795,272,745
23819,61050,61335,61806,285,756
23820,61050,61346,61815,296,765
23821,61050,61348,61819,298,769
23822,61050,61349,61830,299,780
23823,61050,61350,61829,300,779
23824,61110,61353,61850,243,740
23825,61110,61357,61956,247,846
23826,61110,61359,61855,249,745
23827,61110,61360,61855,250,745
23828,61110,61364,61873,254,763
23829,61170,61367,61875,197,705
23830,61170,61370,61881,200,711
23831,61170,61374,61899,204,729
23832,61230,61378,61894,148,664
23833,61230,61381,61902,151,672
23834,61230,61381,61905,151,675
23835,61290,61386,61915,96,625
23836,61290,61388,61912,98,622
23837,61290,61394,61935,104,645
23838,61290,61397,61927,107,637
23839,61350,61398,61938,48,588
23840,61410,61406,61935,-4,525
23841,61410,61407,61944,-3,534
23842,61410,61413,61946,3,536
23843,61410,61430,61991,20,581
23844,61470,61491,62023,21,553
23845,61470,61511,62690,41,1220
23846,61470,61516,61999,46,529
23847,61530,61529,61998,-1,468
23848,61530,61572,61980,42,450
23849,61530,61575,62001,45,471
23850,61530,61585,62031,55,501
23851,61530,61594,62006,64,476
23852,61590,61597,62035,7,445
23853,61590,61607,62061,17,471
23854,61650,61732,62790,82,1140
23855,61650,61741,62073,91,423
23856,61710,61749,62047,39,337
23857,61710,61751,62079,41,369
23858,61770,61759,62059,-11,289
23859,61770,61801,62081,31,311
23860,61830,61848,62099,18,269
23861,61830,61855,62404,25,574
23862,61830,61859,62106,29,276
23863,61830,61860,62273,30,443
23864,61830,61870,62272,40,442
23865,61890,61893,62275,3,385
23866,61890,61902,62910,12,1020
23867,61890,61917,62286,27,396
23868,61950,61926,62940,-24,990
23869,61950,61929,62412,-21,462
23870,61950,61934,62417,-16,467
23871,61950,61969,62420,19,470
23872,61950,61974,62424,24,474
23873,62010,62090,62372,80,362
23874,62070,62091,63130,21,1060
23875,62070,62096,62426,26,356
23876,62070,62097,62496,27,426
23877,62070,62101,62431,31,361
23878,62130,62154,62653,24,523
23879,62130,62161,62657,31,527
23880,62130,62168,62525,38,395
23881,62190,62169,62473,-21,283
23882,62190,62171,62505,-19,315
23883,62190,62177,62661,-13,471
23884,62190,62237,62529,47,339
23885,62250,62281,62546,31,296
23886,62310,62333,62551,23,241
23887,62310,62346,62554,36,244
23888,62370,62367,62671,-3,301
23889,62370,62382,62678,12,308
23890,62430,62431,62685,1,255
23891,62430,62464,62718,34,288
23892,62430,62497,62725,67,295
23893,62430,62513,62734,83,304
23894,62490,62520,62770,30,280
23895,62490,62527,62785,37,295
23896,62490,62528,62821,38,331
23897,62490,62535,62843,45,353
23898,62490,62608,62927,118,437
23899,62490,62631,62930,141,440
23900,62550,62655,62933,105,383
23901,62610,62671,62954,61,344
23902,62610,62689,62964,79,354
23903,62610,62702,63186,92,576
23904,62610,62716,63191,106,581
23905,62610,62724,63194,114,584
23906,62670,62736,63193,66,523
23907,62670,62745,63194,75,524
23908,62670,62761,63038,91,368
23909,62730,62763,63045,33,315
23910,62730,62763,63197,33,467
23911,62730,62768,63209,38,479
23912,62790,62814,63216,24,426
23913,62790,62834,63203,44,413
23914,62790,62846,63126,56,336
23915,62790,62860,63114,70,324
23916,62790,62879,63130,89,340
23917,62850,62883,63203,33,353
23918,62850,62885,63211,35,361
23919,62910,62890,63247,-20,337
23920,62910,62909,63398,-1,488
23921,62910,62922,63418,12,508
23922,62910,62935,63437,25,527
23923,62970,63034,63467,64,497
23924,63030,63036,63766,6,736
23925,63030,63041,63486,11,456
23926,63030,63051,63504,21,474
23927,63030,63064,63526,34,496
23928,63090,63133,63540,43,450
23929,63150,63138,63558,-12,408
23930,63150,63144,63583,-6,433
23931,63150,63208,63586,58,436
23932,63150,63210,63610,60,460
23933,63150,63214,63600,64,450
23934,63210,63277,63642,67,432
23935,63270,63299,63649,29,379
23936,63270,63306,63657,36,387
23937,63270,63314,63448,44,178
23938,63270,63321,63684,51,414
23939,63330,63326,63679,-4,349
23940,63330,63334,63696,4,366
23941,63330,63336,63734,6,404
23942,63330,63343,63772,13,442
23943,63330,63348,63799,18,469
23944,63330,63358,63813,28,483
23945,63330,63363,63843,33,513
23946,63330,63366,63860,36,530
23947,63330,63372,63868,42,538
23948,63390,63397,63875,7,485
23949,63390,63432,63888,42,498
23950,63390,63445,63903,55,513
23951,63390,63448,63907,58,517
23952,63390,63451,63926,61,536
23953,63450,63453,63922,3,472
23954,63450,63457,63947,7,497
23955,63450,63559,63942,109,492
23956,63510,63561,63947,51,437
23957,63510,63575,63960,65,450
23958,63510,63598,63958,88,448
23959,63510,63625,63970,115,460
23960,63510,63631,63971,121,461
23961,63570,63634,64010,64,440
23962,63570,63643,64007,73,437
23963,63570,63646,64004,76,434
23964,63630,63647,64021,17,391
23965,63630,63649,64027,19,397
23966,63630,63654,64027,24,397
23967,63630,63656,64025,26,395
23968,63630,63660,64044,30,414
23969,63690,63776,64035,86,345
23970,63690,63786,64045,96,355
23971,63750,63789,64075,39,325
23972,63750,63798,64068,48,318
23973,63810,63847,64084,37,274
23974,63870,63858,64074,-12,204
23975,63870,63865,64115,-5,245
23976,63870,63951,64117,81,247
23977,63870,63954,64155,84,285
23978,63990,63982,64158,-8,168
23979,63990,63997,64160,7,170
23980,63990,64081,64164,91,174
23981,63990,64084,64166,94,176
23982,64050,64089,64218,39,168
23983,64050,64111,64208,61,158
23984,64110,64123,64211,13,101
23985,64230,64215,64279,-15,49
23986,64230,64239,64453,9,223
23987,64230,64244,64348,14,118
23988,64230,64285,65320,55,1090
23989,64290,64315,64350,25,60
23990,64290,64315,64412,25,122
23991,64350,64367,65380,17,1030
23992,64350,64374,64432,24,82
23993,64410,64389,64451,-21,41
23994,64470,64458,64537,-12,67
23995,64470,64480,64513,10,43
23996,64470,64504,64565,34,95
23997,64590,64629,64702,39,112
23998,64650,64633,64681,-17,31
23999,64650,64657,64750,7,100
24000,64650,64667,64706,17,56
24001,64650,64686,64759,36,109
24002,64710,64715,64778,5,68
24003,64710,64717,64792,7,82
24004,64770,64792,64855,22,85
24005,64890,64882,64952,-8,62
24006,64890,64928,64985,38,95
24007,64950,64958,64991,8,41
24008,65010,64998,65066,-12,56
24009,65010,65026,65163,16,153
24010,65010,65033,65182,23,172
24011,65010,65037,65205,27,195
24012,65070,65087,65229,17,159
24013,65070,65088,65245,18,175
24014,65190,65188,65264,-2,74
24015,65250,65234,65496,-16,246
24016,65250,65241,65528,-9,278
24017,65250,65245,65550,-5,300
24018,65310,65320,65635,10,325
24019,65310,65345,65573,35,263
24020,65370,65347,65638,-23,268
24021,65370,65411,65648,41,278
24022,65430,65453,65655,23,225
24023,65430,65473,65663,43,233
24024,65430,65494,65706,64,276
24025,65550,65597,65722,47,172
24026,65610,65639,65973,29,363
24027,65610,65666,65976,56,366
24028,65670,65718,65977,48,307
24029,65730,65724,65980,-6,250
24030,65730,65730,65888,0,158
24031,65730,65785,65893,55,163
24032,65790,65787,65980,-3,190
24033,65790,65794,65983,4,193
24034,65850,65857,65987,7,137
24035,65910,65898,66006,-12,96
24036,65970,66007,66065,37,95
24037,66510,66507,66830,-3,320
24038,66510,66567,66839,57,329
24039,66570,66586,66845,16,275
24040,66630,66651,66981,21,351
24041,66630,66667,66869,37,239
24042,66690,66685,66985,-5,295
24043,66690,66725,66894,35,204
24044,66750,66730,66989,-20,239
24045,66750,66792,66920,42,170
24046,66870,66887,66964,17,94
24047,66870,66889,67029,19,159
24048,66930,66940,67009,10,79
24049,67050,67026,67052,-24,2
24050,67110,67099,67388,-11,278
24051,67110,67133,67391,23,281
24052,67230,67254,67323,24,93
24053,67230,67256,67394,26,164
24054,67890,67900,68004,10,114
24055,68070,68117,68179,47,109
24056,68310,68345,68489,35,179
24057,68430,68437,68528,7,98
24058,68550,68569,68686,19,136
24059,68550,68583,68748,33,198
24060,69030,69065,69102,35,72
24061,69150,69174,69212,24,62
24062,69630,69644,69743,14,113
24063,69810,69817,69944,7,134
24064,69930,69913,70158,-17,228
24065,69930,69961,70162,31,232
24066,70050,70084,70240,34,190
24067,70350,70366,70607,16,257
24068,70950,70977,71186,27,236
24069,71010,71060,71175,50,165
24070,71190,71384,71465,194,275
24071,71250,71387,71472,137,222
24072,71550,71579,71697,29,147
24073,72570,72607,72662,37,92
24074,72750,72772,72903,22,153
24075,73890,74712,74986,822,1096
24076,73950,74766,75254,816,1304
24077,74910,75053,75388,143,478
24078,75090,75118,75406,28,316
24079,75150,75208,75473,58,323
24080,75270,75290,75477,20,207
24088,29610,29865,30650,255,1040
24089,30690,30969,31293,279,603
24090,30810,30975,31312,165,502
24091,30930,30984,31433,54,503
24092,30990,30989,31344,-1,354
24093,31170,31191,31394,21,224
24094,31290,31357,31474,67,184
24095,31350,31388,31491,38,141
24096,31350,31397,31561,47,211
24097,31470,31523,31566,53,96
24098,31590,31564,31600,-26,10
24099,31830,31935,32099,105,269
24100,31890,31937,32112,47,222
24101,31890,31940,32127,50,237
24102,31950,31992,32152,42,202
24103,32010,31994,32063,-16,53
24104,32010,31998,32175,-12,165
24105,32070,32075,32368,5,298
24106,32130,32192,32382,62,252
24107,32130,32206,32393,76,263
24108,32190,32229,32402,39,212
24109,32250,32241,32413,-9,163
24110,32310,32332,32741,22,431
24111,32370,32349,32756,-21,386
24112,32430,32481,32777,51,347
24113,32430,32486,32792,56,362
24114,32430,32491,32810,61,380
24115,32550,32594,32828,44,278
24116,32610,32699,32879,89,269
24117,32730,32845,32970,115,240
24118,32910,32889,33126,-21,216
24119,32910,32893,33140,-17,230
24120,32910,33039,33317,129,407
24121,32970,33044,33309,74,339
24122,32970,33045,33412,75,442
24123,33030,33051,33465,21,435
24124,33090,33082,33494,-8,404
24125,33090,33086,33498,-4,408
24126,33150,33202,33612,52,462
24127,33150,33213,33528,63,378
24128,33150,33216,33666,66,516
24129,33270,33325,33715,55,445
24130,33390,33400,33718,10,328
24131,33510,33549,33762,39,252
24132,33510,33555,33790,45,280
24133,33570,33557,33831,-13,261
24134,33690,33675,33838,-15,148
24135,33690,33721,33903,31,213
24136,33750,33735,33806,-15,56
24137,33750,33790,34880,40,1130
24138,33810,33819,34090,9,280
24139,33810,33830,34123,20,313
24140,33870,33858,34143,-12,273
24141,33870,33863,34160,-7,290
24142,33990,34018,34191,28,201
24143,34110,34121,34217,11,107
24144,34110,34123,34252,13,142
24145,34230,34207,34330,-23,100
24146,34350,34328,34387,-22,37
24147,34350,34340,34551,-10,201
24148,34410,34441,34533,31,123
24149,34470,34442,34530,-28,60
24150,34470,34483,34575,13,105
24151,34530,34549,34582,19,52
24152,34530,34551,34619,21,89
24153,34590,34598,34693,8,103
24154,34650,34652,34694,2,44
24155,34710,34695,34747,-15,37
24156,34710,34744,34958,34,248
24157,34770,34791,35067,21,297
24158,34770,34820,35081,50,311
24159,34770,34831,35093,61,323
24160,34830,34842,35219,12,389
24161,34890,34915,35226,25,336
24162,34890,34940,36170,50,1280
24163,34950,34949,36300,-1,1350
24164,34950,35032,35356,82,406
24165,35070,35121,35349,51,279
24166,35130,35122,35389,-8,259
24167,35190,35236,35379,46,189
24168,35250,35250,35713,0,463
24169,35310,35300,35541,-10,231
24170,35310,35311,35738,1,428
24171,35310,35330,35739,20,429
24172,35310,35336,35681,26,371
24173,35370,35382,35759,12,389
24174,35370,35403,35756,33,386
24175,35370,35417,35755,47,385
24176,35370,35419,35775,49,405
24177,35430,35420,35837,-10,407
24178,35490,35525,35852,35,362
24179,35490,35552,36081,62,591
24180,35490,35562,35857,72,367
24181,35490,35563,35834,73,344
24182,35490,35572,35987,82,497
24183,35550,35580,35983,30,433
24184,35550,35589,35872,39,322
24185,35550,35595,35879,45,329
24186,35610,35628,36018,18,408
24187,35610,35640,35994,30,384
24188,35670,35650,35919,-20,249
24189,35670,35665,35998,-5,328
24190,35730,35739,35948,9,218
24191,35730,35741,36002,11,272
24192,35730,35806,36020,76,290
24193,35790,35811,35974,21,184
24194,35850,35852,35992,2,142
24195,35850,35854,35998,4,148
24196,35850,35860,36037,10,187
24197,35910,36028,36225,118,315
24198,35910,36033,36112,123,202
24199,35910,36035,36119,125,209
24200,35910,36036,36136,126,226
24201,35970,36038,36170,68,200
24202,35970,36041,36159,71,189
24203,35970,36043,36197,73,227
24204,35970,36043,36218,73,248
24205,36030,36045,36213,15,183
24206,36030,36049,36237,19,207
24207,36030,36057,36257,27,227
24208,36090,36106,36277,16,187
24209,36090,36117,36284,27,194
24210,36090,36125,36298,35,208
24211,36150,36127,36311,-23,161
24212,36150,36143,36320,-7,170
24213,36150,36151,36332,1,182
24214,36210,36214,36348,4,138
24215,36210,36253,37360,43,1150
24216,36270,36278,36460,8,190
24217,36270,36281,36454,11,184
24218,36330,36303,36593,-27,263
24219,36330,36312,36498,-18,168
24220,36330,36314,36657,-16,327
24221,36330,36322,36597,-8,267
24222,36330,36335,36602,5,272
24223,36330,36341,36561,11,231
24224,36330,36348,37570,18,1240
24225,36390,36363,36642,-27,252
24226,36390,36370,36663,-20,273
24227,36390,36388,36722,-2,332
24228,36390,36388,36674,-2,284
24229,36390,36411,36728,21,338
24230,36450,36439,36825,-11,375
24231,36450,36458,36893,8,443
24232,36450,36465,36868,15,418
24233,36450,36470,36896,20,446
24234,36510,36483,36904,-27,394
24235,36510,36488,36910,-22,400
24236,36510,36505,36949,-5,439
24237,36570,36614,36961,44,391
24238,36570,36620,37174,50,604
24239,36570,36622,37183,52,613
24240,36570,36625,37760,55,1190
24241,36570,36627,37212,57,642
24242,36570,36634,37065,64,495
24243,36570,36635,37038,65,468
24244,36630,36636,37198,6,568
24245,36690,36668,37069,-22,379
24246,36690,36720,37220,30,530
24247,36690,36726,37104,36,414
24248,36690,36728,37215,38,525
24249,36750,36734,37217,-16,467
24250,36750,36739,37890,-11,1140
24251,36750,36748,37218,-2,468
24252,36750,36754,37230,4,480
24253,36750,36761,37236,11,486
24254,36750,36762,37267,12,517
24255,36810,36843,37243,33,433
24256,36810,36849,37279,39,469
24257,36810,36852,37307,42,497
24258,36810,36857,37314,47,504
24259,36870,36860,37350,-10,480
24260,36870,36861,37379,-9,509
24261,36870,36872,37479,2,609
24262,36870,36892,37397,22,527
24263,36930,37011,37476,81,546
24264,36930,37026,37476,96,546
24265,36990,37036,37629,46,639
24266,37050,37056,37862,6,812
24267,37050,37067,37505,17,455
24268,37050,37072,37568,22,518
24269,37050,37073,37869,23,819
24270,37050,37079,37577,29,527
24271,37110,37088,37543,-22,433
24272,37170,37153,37873,-17,703
24273,37170,37186,37879,16,709
24274,37170,37219,37882,49,712
24275,37170,37247,37622,77,452
24276,37170,37267,37886,97,716
24277,37170,37282,37646,112,476
24278,37230,37285,37890,55,660
24279,37230,37365,37892,135,662
24280,37230,37378,37893,148,663
24281,37230,37382,37895,152,665
24282,37230,37385,37726,155,496
24283,37230,37387,37731,157,501
24284,37290,37388,37914,98,624
24285,37290,37393,37932,103,642
24286,37290,37394,37963,104,673
24287,37290,37396,37953,106,663
24288,37350,37400,37972,50,622
24289,37350,37404,37969,54,619
24290,37350,37408,37971,58,621
24291,37350,37410,37985,60,635
24292,37350,37414,38006,64,656
24293,37410,37418,38033,8,623
24294,37410,37421,38040,11,630
24295,37410,37422,38036,12,626
24296,37410,37426,38038,16,628
24297,37410,37427,38082,17,672
24298,37410,37430,38047,20,637
24299,37410,37435,38046,25,636
24300,37410,37436,38074,26,664
24301,37470,37489,38144,19,674
24302,37470,37495,38119,25,649
24303,37470,37497,38104,27,634
24304,37530,37504,38107,-26,577
24305,37530,37749,38117,219,587
24306,37590,37805,38125,215,535
24307,37590,37825,38177,235,587
24308,37590,37848,38186,258,596
24309,37590,37868,38297,278,707
24310,37590,37897,38300,307,710
24311,37650,37913,38180,263,530
24312,37650,37923,39010,273,1360
24313,37650,37938,38194,288,544
24314,37650,37950,38315,300,665
24315,37650,37964,38207,314,557
24316,37650,37969,38207,319,557
24317,37650,37973,38220,323,570
24318,37710,37992,38222,282,512
24319,37770,37998,38222,228,452
24320,37770,38002,38227,232,457
24321,37770,38006,38318,236,548
24322,37770,38021,38236,251,466
24323,37830,38023,38240,193,410
24324,37830,38025,38240,195,410
24325,37830,38026,38325,196,495
24326,37830,38032,38320,202,490
24327,37890,38039,38258,149,368
24328,37890,38040,38321,150,431
24329,37890,38044,38270,154,380
24330,37950,38045,38273,95,323
24331,37950,38047,38289,97,339
24332,37950,38047,38328,97,378
24333,37950,38050,38340,100,390
24334,38010,38053,38343,43,333
24335,38010,38055,38343,45,333
24336,38010,38055,38358,45,348
24337,38070,38058,38370,-12,300
24338,38070,38064,38370,-6,300
24339,38070,38333,38375,263,305
24340,38130,38336,38556,206,426
24341,38130,38289,38549,159,419
24342,38130,38307,38865,177,735
24343,38190,38310,38572,120,382
24344,38190,38315,38591,125,401
24345,38190,38325,38597,135,407
24346,38250,38329,38906,79,656
24347,38250,38334,38620,84,370
24348,38250,38356,38891,106,641
24349,38310,38368,38656,58,346
24350,38310,38379,38664,69,354
24351,38310,38386,38899,76,589
24352,38310,38407,38895,97,585
24353,38310,38411,38750,101,440
24354,38370,38411,38775,41,405
24355,38370,38414,38900,44,530
24356,38370,38420,38906,50,536
24357,38430,38424,38848,-6,418
24358,38490,38469,38930,-21,440
24359,38490,38494,38943,4,453
24360,38490,38540,38918,50,428
24361,38490,38561,38958,71,468
24362,38550,38574,39092,24,542
24363,38550,38579,38934,29,384
24364,38550,38581,39004,31,454
24365,38550,38592,39009,42,459
24366,38550,38602,38990,52,440
24367,38610,38604,39002,-6,392
24368,38610,38607,39124,-3,514
24369,38610,38625,39347,15,737
24370,38670,38668,39245,-2,575
24371,38670,38684,39277,14,607
24372,38670,38686,39314,16,644
24373,38670,38706,39320,36,650
24374,38670,38711,39319,41,649
24375,38730,38717,39325,-13,595
24376,38730,38719,39339,-11,609
24377,38730,38737,39363,7,633
24378,38790,38813,39352,23,562
24379,38790,38826,39373,36,583
24380,38790,38848,39369,58,579
24381,38850,38989,39370,139,520
24382,38850,38994,40080,144,1230
24383,38850,39005,39403,155,553
24384,38850,39014,39438,164,588
24385,38910,39022,39517,112,607
24386,38910,39031,39421,121,511
24387,38910,39037,39521,127,611
24388,38910,39046,39430,136,520
24389,38970,39049,39431,79,461
24390,38970,39053,39432,83,462
24391,38970,39056,39531,86,561
24392,39030,39065,39445,35,415
24393,39030,39069,39537,39,507
24394,39030,39077,39540,47,510
24395,39030,39086,39535,56,505
24396,39090,39096,39475,6,385
24397,39090,39112,39475,22,385
24398,39090,39114,39606,24,516
24399,39090,39124,39495,34,405
24400,39150,39142,39621,-8,471
24401,39150,39154,39503,4,353
24402,39150,39161,39546,11,396
24403,39150,39167,39646,17,496
24404,39150,39180,39734,30,584
24405,39210,39191,39703,-19,493
24406,39210,39202,39550,-8,340
24407,39210,39204,39549,-6,339
24408,39210,39204,39707,-6,497
24409,39210,39226,39559,16,349
24410,39270,39265,39574,-5,304
24411,39270,39289,39560,19,290
24412,39330,39316,39576,-14,246
24413,39330,39357,39563,27,233
24414,39330,39359,39711,29,381
24415,39330,39367,39610,37,280
24416,39390,39369,39617,-21,227
24417,39390,39389,40530,-1,1140
24418,39390,39486,39719,96,329
24419,39390,39497,39638,107,248
24420,39450,39506,39723,56,273
24421,39510,39535,39658,25,148
24422,39510,39540,39661,30,151
24423,39510,39544,39666,34,156
24424,39570,39563,39663,-7,93
24425,39570,39567,39723,-3,153
24426,39570,39591,39800,21,230
24427,39630,39604,39726,-26,96
24428,39630,39626,39751,-4,121
24429,39630,39660,39788,30,158
24430,39630,39653,39797,23,167
24431,39690,39701,39802,11,112
24432,39690,39712,39855,22,165
24433,39690,39719,40730,29,1040
24434,39750,39728,39927,-22,177
24435,39750,39750,39904,0,154
24436,39750,39768,39887,18,137
24437,39750,39797,39943,47,193
24438,39810,39827,40078,17,268
24439,39810,39851,40002,41,192
24440,39810,39853,39951,43,141
24441,39810,39856,39952,46,142
24442,39870,39864,40032,-6,162
24443,39870,39904,40037,34,167
24444,39870,39916,39994,46,124
24445,39870,39912,40179,42,309
24446,39930,39922,40073,-8,143
24447,39930,39930,40960,0,1030
24448,39990,40007,41050,17,1060
24449,39990,40010,40291,20,301
24450,39990,40014,40227,24,237
24451,39990,40022,40120,32,130
24452,40050,40022,40147,-28,97
24453,40050,40028,40155,-22,105
24454,40110,40103,40242,-7,132
24455,40110,40110,40271,0,161
24456,40110,40115,40264,5,154
24457,40110,40136,40368,26,258
24458,40110,40148,40419,38,309
24459,40110,40169,40304,59,194
24460,40170,40171,40371,1,201
24461,40170,40184,40401,14,231
24462,40230,40208,40376,-22,146
24463,40230,40233,40321,3,91
24464,40230,40236,40378,6,148
24465,40230,40277,40406,47,176
24466,40290,40328,40406,38,116
24467,40290,40331,40440,41,150
24468,40350,40334,40507,-16,157
24469,40350,40372,40440,22,90
24470,40350,40373,40542,23,192
24471,40410,40410,40507,0,97
24472,40410,40414,40569,4,159
24473,40410,40420,40536,10,126
24474,40410,40427,40529,17,119
24475,40470,40450,40564,-20,94
24476,40470,40486,40582,16,112
24477,40590,40588,40633,-2,43
24478,40650,40628,40694,-22,44
24479,40650,40642,40680,-8,30
24480,40710,40695,40841,-15,131
24481,40710,40704,40766,-6,56
24482,40710,40736,40800,26,90
24483,40770,40747,40815,-23,45
24484,40770,40761,40858,-9,88
24485,40770,40788,40855,18,85
24486,40770,40791,40851,21,81
24487,40830,40838,40875,8,45
24488,40830,40852,41860,22,1030
24489,40830,40853,40897,23,67
24490,40830,40854,40925,24,95
24491,40830,40859,40965,29,135
24492,40890,40861,40986,-29,96
24493,40890,40909,41152,19,262
24494,40890,40915,41022,25,132
24495,40890,40917,41017,27,127
24496,40950,40937,41050,-13,100
24497,40950,40941,42030,-9,1080
24498,40950,40945,41087,-5,137
24499,40950,40948,41074,-2,124
24500,40950,40967,41095,17,145
24501,40950,41029,41201,79,251
24502,40950,41039,41205,89,255
24503,40950,41072,41208,122,258
24504,40950,41083,41184,133,234
24505,40950,41097,41252,147,302
24506,41010,41114,41188,104,178
24507,41010,41109,41195,99,185
24508,41010,41114,41205,104,195
24509,41010,41115,41365,105,355
24510,41010,41120,41211,110,201
24511,41010,41122,41220,112,210
24512,41130,41122,41217,-8,87
24513,41130,41124,41226,-6,96
24514,41130,41129,41230,-1,100
24515,41130,41169,41282,39,152
24516,41130,41174,41287,44,157
24517,41190,41182,41314,-8,124
24518,41190,41195,41509,5,319
24519,41190,41233,41313,43,123
24520,41250,41238,41321,-12,71
24521,41250,41242,41348,-8,98
24522,41250,41246,41355,-4,105
24523,41250,41290,41361,40,111
24524,41250,41303,41371,53,121
24525,41250,41301,41435,51,185
24526,41310,41317,41453,7,143
24527,41310,41324,41441,14,131
24528,41310,41333,41383,23,73
24529,41310,41334,41400,24,90
24530,41310,41336,41460,26,150
24531,41370,41363,41416,-7,46
24532,41370,41370,41466,0,96
24533,41370,41377,41482,7,112
24534,41370,41397,41568,27,198
24535,41430,41417,41490,-13,60
24536,41430,41425,41699,-5,269
24537,41430,41445,41584,15,154
24538,41430,41462,41603,32,173
24539,41430,41479,41817,49,387
24540,41490,41505,42071,15,581
24541,41490,41510,41642,20,152
24542,41490,41513,41724,23,234
24543,41490,41517,41727,27,237
24544,41490,41518,41664,28,174
24545,41490,41520,41752,30,262
24546,41490,41522,41771,32,281
24547,41550,41524,41678,-26,128
24548,41610,41613,41832,3,222
24549,41610,41632,41888,22,278
24550,41610,41640,41936,30,326
24551,41670,41666,41904,-4,234
24552,41670,41694,41956,24,286
24553,41670,41705,41922,35,252
24554,41670,41707,41966,37,296
24555,41730,41717,41976,-13,246
24556,41730,41731,42002,1,272
24557,41730,41773,42040,43,310
24558,41730,41781,42076,51,346
24559,41730,41790,42041,60,311
24560,41790,41793,42105,3,315
24561,41790,41799,42052,9,262
24562,41790,41800,42064,10,274
24563,41850,41832,42070,-18,220
24564,41850,41835,42083,-15,233
24565,41850,41845,42160,-5,310
24566,41850,41859,42147,9,297
24567,41850,41865,42102,15,252
24568,41850,41932,42105,82,255
24569,41850,41934,42139,84,289
24570,41850,41941,42119,91,269
24571,41910,41942,42119,32,209
24572,41910,41944,42124,34,214
24573,41910,41945,42121,35,211
24574,41970,42011,42145,41,175
24575,41970,42014,42178,44,208
24576,41970,42018,42463,48,493
24577,42030,42022,42136,-8,106
24578,42030,42070,42216,40,186
24579,42030,42078,42174,48,144
24580,42030,42082,42198,52,168
24581,42090,42092,42293,2,203
24582,42090,42102,42264,12,174
24583,42090,42110,42263,20,173
24584,42150,42172,42249,22,99
24585,42210,42185,42300,-25,90
24586,42210,42196,42297,-14,87
24587,42210,42226,42309,16,99
24588,42210,42237,42325,27,115
24589,42210,42239,42324,29,114
24590,42270,42251,42354,-19,84
24591,42270,42278,42359,8,89
24592,42270,42286,42339,16,69
24593,42270,42292,42336,22,66
24594,42330,42345,42585,15,255
24595,42330,42350,42654,20,324
24596,42330,42361,42405,31,75
24597,42330,42362,42518,32,188
24598,42390,42383,42437,-7,47
24599,42450,42424,42449,-26,-1
24600,42450,42442,42519,-8,69
24601,42450,42470,43490,20,1040
24602,42450,42474,42534,24,84
24603,42450,42474,42547,24,97
24604,42450,42482,42551,32,101
24605,42510,42532,42647,22,137
24606,42510,42535,42592,25,82
24607,42510,42537,42590,27,80
24608,42510,42538,42730,28,220
24609,42570,42548,42689,-22,119
24610,42570,42568,42662,-2,92
24611,42570,42572,42661,2,91
24612,42570,42579,42662,9,92
24613,42570,42609,42699,39,129
24614,42630,42633,42689,3,59
24615,42630,42651,42746,21,116
24616,42630,42654,42787,24,157
24617,42630,42671,42779,41,149
24618,42690,42677,42710,-13,20
24619,42690,42701,42783,11,93
24620,42690,42703,42807,13,117
24621,42690,42709,42794,19,104
24622,42690,42716,42896,26,206
24623,42750,42723,42888,-27,138
24624,42750,42726,42818,-24,68
24625,42750,42728,42818,-22,68
24626,42750,42750,42820,0,70
24627,42750,42753,42822,3,72
24628,42750,42757,42832,7,82
24629,42810,42797,42895,-13,85
24630,42810,42812,42922,2,112
24631,42810,42817,42947,7,137
24632,42810,42830,42909,20,99
24633,42810,42834,42922,24,112
24634,42810,42837,42915,27,105
24635,42870,42865,42951,-5,81
24636,42870,42903,42940,33,70
24637,42870,42911,42988,41,118
24638,42930,42944,42991,14,61
24639,42990,42996,43053,6,63
24640,42990,43010,43153,20,163
24641,42990,43014,43065,24,75
24642,43050,43056,43167,6,117
24643,43050,43076,43349,26,299
24644,43110,43105,43216,-5,106
24645,43110,43114,43240,4,130
24646,43170,43165,43266,-5,96
24647,43170,43191,43352,21,182
24648,43170,43197,44250,27,1080
24649,43170,43199,43373,29,203
24650,43230,43204,43380,-26,150
24651,43230,43220,43384,-10,154
24652,43230,43270,43387,40,157
24653,43230,43272,43393,42,163
24654,43230,43273,43399,43,169
24655,43290,43312,43398,22,108
24656,43290,43314,43402,24,112
24657,43290,43315,43408,25,118
24658,43290,43317,43418,27,128
24659,43350,43376,43518,26,168
24660,43350,43378,43501,28,151
24661,43350,43395,43514,45,164
24662,43350,43396,43557,46,207
24663,43350,43435,43557,85,207
24664,43410,43448,43590,38,180
24665,43410,43460,43553,50,143
24666,43410,43468,43556,58,146
24667,43470,43483,43566,13,96
24668,43470,43505,43570,35,100
24669,43530,43514,43640,-16,110
24670,43530,43556,43668,26,138
24671,43530,43572,43685,42,155
24672,43590,43581,43659,-9,69
24673,43590,43583,43703,-7,113
24674,43590,43589,43705,-1,115
24675,43590,43631,43730,41,140
24676,43650,43639,43731,-11,81
24677,43650,43646,43739,-4,89
24678,43650,43648,43726,-2,76
24679,43650,43677,43746,27,96
24680,43710,43712,43769,2,59
24681,43710,43723,43798,13,88
24682,43710,43729,44750,19,1040
24683,43710,43746,43793,36,83
24684,43770,43761,43892,-9,122
24685,43770,43769,43858,-1,88
24686,43770,43799,43874,29,104
24687,43830,43819,44830,-11,1000
24688,43830,43856,43932,26,102
24689,43830,43863,43928,33,98
24690,43890,43884,43945,-6,55
24691,43890,43906,43979,16,89
24692,43950,43931,44000,-19,50
24693,43950,43937,44051,-13,101
24694,43950,43954,44055,4,105
24695,43950,43958,44056,8,106
24696,44010,43987,44073,-23,63
24697,44010,44037,44091,27,81
24698,44010,44041,44092,31,82
24699,44070,44042,44095,-28,25
24700,44070,44081,44117,11,47
24701,44070,44097,44158,27,88
24702,44130,44105,44161,-25,31
24703,44130,44114,44193,-16,63
24704,44130,44134,44206,4,76
24705,44130,44152,44268,22,138
24706,44190,44185,44298,-5,108
24707,44190,44170,44278,-20,88
24708,44190,44214,44383,24,193
24709,44250,44229,44283,-21,33
24710,44250,44285,44320,35,70
24711,44310,44316,44425,6,115
24712,44370,44358,44445,-12,75
24713,44370,44368,44482,-2,112
24714,44370,44375,44451,5,81
24715,44430,44422,44478,-8,48
24716,44490,44462,44499,-28,9
24717,44490,44469,44536,-21,46
24718,44490,44473,44540,-17,50
24719,44490,44503,44561,13,71
24720,44550,44573,44601,23,51
24721,44550,44581,44650,31,100
24722,44610,44604,44734,-6,124
24723,44610,44621,44676,11,66
24724,44670,44655,44709,-15,39
24725,44730,44712,44790,-18,60
24726,44730,44717,44758,-13,28
24727,44730,44739,44771,9,41
24728,44730,44759,44785,29,55
24729,44790,44768,44786,-22,-4
24730,44790,44795,44840,5,50
24731,44850,44867,44900,17,50
24732,44910,44919,44975,9,65
24733,44970,44957,45087,-13,117
24734,44970,45014,45176,44,206
24735,44970,45031,45118,61,148
24736,44970,45038,45180,68,210
24737,44970,45041,45185,71,215
24738,45030,45046,45164,16,134
24739,45030,45047,45199,17,169
24740,45030,45052,46150,22,1120
24741,45030,45053,45197,23,167
24742,45090,45114,45309,24,219
24743,45090,45146,45299,56,209
24744,45090,45159,45307,69,217
24745,45150,45172,45345,22,195
24746,45150,45176,45366,26,216
24747,45150,45179,45363,29,213
24748,45150,45187,45412,37,262
24749,45150,45193,45414,43,264
24750,45270,45260,45424,-10,154
24751,45270,45286,45439,16,169
24752,45270,45308,45440,38,170
24753,45270,45319,45460,49,190
24754,45390,45387,45535,-3,145
24755,45390,45394,45472,4,82
24756,45390,45397,45540,7,150
24757,45390,45409,45495,19,105
24758,45450,45440,45551,-10,101
24759,45510,45499,45596,-11,86
24760,45510,45504,45567,-6,57
24761,45510,45531,45619,21,109
24762,45570,45581,45646,11,76
24763,45630,45632,45671,2,41
24764,45690,45674,45739,-16,49
24765,45690,45713,46750,23,1060
24766,45690,45723,45933,33,243
24767,45750,45805,45918,55,168
24768,45810,45806,45924,-4,114
24769,45810,45829,46043,19,233
24770,45810,45834,46038,24,228
24771,45810,45839,45965,29,155
24772,45870,45867,46920,-3,1050
24773,45870,45874,46010,4,140
24774,45870,45876,46126,6,256
24775,45870,45889,46052,19,182
24776,45870,45891,46108,21,238
24777,45870,45894,46117,24,247
24778,45870,45896,46189,26,319
24779,45930,45996,46240,66,310
24780,45930,46003,46467,73,537
24781,45930,46009,46250,79,320
24782,45990,46011,46290,21,300
24783,45990,46012,46271,22,281
24784,45990,46014,46300,24,310
24785,45990,46016,46329,26,339
24786,46110,46091,46311,-19,201
24787,46110,46208,46311,98,201
24788,46110,46212,46316,102,206
24789,46170,46214,46364,44,194
24790,46170,46223,46640,53,470
24791,46170,46228,46360,58,190
24792,46230,46230,46368,0,138
24793,46230,46231,46507,1,277
24794,46230,46239,46635,9,405
24795,46230,46249,46546,19,316
24796,46230,46253,46547,23,317
24797,46230,46255,46566,25,336
24798,46230,46268,46581,38,351
24799,46290,46280,46578,-10,288
24800,46290,46282,46580,-8,290
24801,46290,46292,46599,2,309
24802,46290,46320,46598,30,308
24803,46290,46325,46674,35,384
24804,46350,46344,46623,-6,273
24805,46350,46360,46642,10,292
24806,46350,46364,46615,14,265
24807,46350,46393,46620,43,270
24808,46410,46395,46634,-15,224
24809,46410,46464,46758,54,348
24810,46470,46475,46645,5,175
24811,46470,46478,46770,8,300
24812,46530,46547,46781,17,251
24813,46530,46558,47610,28,1080
24814,46530,46572,46678,42,148
24815,46590,46573,46818,-17,228
24816,46590,46580,46766,-10,176
24817,46590,46670,46776,80,186
24818,46590,46676,46739,86,149
24819,46650,46678,46751,28,101
24820,46650,46679,46781,29,131
24821,46710,46684,46775,-26,65
24822,46710,46726,46815,16,105
24823,46710,46731,46832,21,122
24824,46770,46759,47101,-11,331
24825,46770,46785,46983,15,213
24826,46770,46791,46854,21,84
24827,46770,46793,46826,23,56
24828,46770,46794,46830,24,60
24829,46830,46819,46860,-11,30
24830,46830,46831,46962,1,132
24831,46830,46859,46963,29,133
24832,46830,46867,47007,37,177
24833,46890,46871,47019,-19,129
24834,46890,46878,46993,-12,103
24835,46890,46883,46989,-7,99
24836,46890,46902,47028,12,138
24837,46950,46955,47011,5,61
24838,46950,46985,47037,35,87
24839,47010,46998,47056,-12,46
24840,47010,47006,47059,-4,49
24841,47010,47037,47076,27,66
24842,47070,47058,47134,-12,64
24843,47070,47070,47111,0,41
24844,47130,47112,47172,-18,42
24845,47130,47119,47205,-11,75
24846,47250,47228,47329,-22,79
24847,47250,47263,47378,13,128
24848,47250,47270,47425,20,175
24849,47250,47273,47331,23,81
24850,47310,47295,47331,-15,21
24851,47310,47309,47383,-1,73
24852,47370,47355,47438,-15,68
24853,47370,47377,47436,7,66
24854,47370,47381,47442,11,72
24855,47370,47384,47451,14,81
24856,47370,47396,47449,26,79
24857,47430,47444,47520,14,90
24858,47490,47477,47611,-13,121
24859,47490,47499,47533,9,43
24860,47490,47501,48065,11,575
24861,47490,47518,47579,28,89
24862,47550,47530,47599,-20,49
24863,47550,47537,47696,-13,146
24864,47550,47554,47917,4,367
24865,47550,47583,48600,33,1050
24866,47610,47586,47771,-24,161
24867,47610,47602,47775,-8,165
24868,47610,47621,47875,11,265
24869,47610,47627,47782,17,172
24870,47610,47637,47729,27,119
24871,47610,47640,47786,30,176
24872,47670,47645,47859,-25,189
24873,47670,47682,47845,12,175
24874,47730,47757,47876,27,146
24875,47730,47760,47887,30,157
24876,47730,47766,47954,36,224
24877,47730,47779,47905,49,175
24878,47790,47797,47934,7,144
24879,47790,47798,47930,8,140
24880,47850,47866,47977,16,127
24881,47850,47890,48081,40,231
24882,47910,47927,48014,17,104
24883,47910,47932,48021,22,111
24884,47910,47932,48069,22,159
24885,47970,47988,48117,18,147
24886,47970,47994,48047,24,77
24887,48030,48012,48094,-18,64
24888,48030,48044,48089,14,59
24889,48030,48046,48281,16,251
24890,48090,48078,48116,-12,26
24891,48090,48099,48159,9,69
24892,48150,48138,49150,-12,1000
24893,48150,48150,48219,0,69
24894,48150,48175,48238,25,88
24895,48150,48176,48228,26,78
24896,48210,48196,48235,-14,25
24897,48210,48209,48276,-1,66
24898,48270,48265,48368,-5,98
24899,48270,48277,48404,7,134
24900,48270,48284,48447,14,177
24901,48270,48289,49320,19,1050
24902,48270,48293,48859,23,589
24903,48270,48301,48508,31,238
24904,48330,48317,48600,-13,270
24905,48330,48324,48522,-6,192
24906,48390,48401,48595,11,205
24907,48390,48412,48595,22,205
24908,48390,48417,48600,27,210
24909,48390,48424,48607,34,217
24910,48450,48468,48681,18,231
24911,48450,48481,48681,31,231
24912,48450,48488,48686,38,236
24913,48450,48495,48643,45,193
24914,48510,48517,48683,7,173
24915,48510,48525,48760,15,250
24916,48570,48584,48688,14,118
24917,48570,48585,48692,15,122
24918,48570,48587,48815,17,245
24919,48570,48594,48721,24,151
24920,48570,48596,48820,26,250
24921,48570,48601,49670,31,1100
24922,48630,48651,48779,21,149
24923,48630,48656,48745,26,115
24924,48630,48660,48750,30,120
24925,48690,48683,48838,-7,148
24926,48690,48687,48768,-3,78
24927,48690,48690,48840,0,150
24928,48690,48699,48886,9,196
24929,48690,48703,48836,13,146
24930,48690,48713,48888,23,198
24931,48750,48762,48880,12,130
24932,48750,48767,48888,17,138
24933,48750,48769,48945,19,195
24934,48750,48773,48906,23,156
24935,48750,48805,48920,55,170
24936,48810,48829,48921,19,111
24937,48810,48831,49920,21,1110
24938,48870,48862,48964,-8,94
24939,48870,48867,48931,-3,61
24940,48870,48869,48978,-1,108
24941,48870,48877,49930,7,1060
24942,48870,48879,48960,9,90
24943,48870,48892,48993,22,123
24944,48870,48900,49260,30,390
24945,48930,48931,49003,1,73
24946,48930,48954,49005,24,75
24947,48930,48959,49008,29,78
24948,48930,48963,49012,33,82
24949,48990,48967,49014,-23,24
24950,48990,48974,49057,-16,67
24951,48990,48984,49078,-6,88
24952,48990,49000,49057,10,67
24953,48990,49010,49073,20,83
24954,49050,49031,49102,-19,52
24955,49050,49062,49143,12,93
24956,49050,49070,49114,20,64
24957,49110,49089,49151,-21,41
24958,49110,49089,49141,-21,31
24959,49110,49090,49193,-20,83
24960,49110,49136,49201,26,91
24961,49170,49149,49198,-21,28
24962,49170,49157,49356,-13,186
24963,49170,49166,49216,-4,46
24964,49170,49192,49234,22,64
24965,49230,49233,49268,3,38
24966,49290,49296,49452,6,162
24967,49350,49355,49447,5,97
24968,49350,49370,49400,20,50
24969,49410,49417,49471,7,61
24970,49410,49427,49560,17,150
24971,49470,49470,49552,0,82
24972,49470,49481,49570,11,100
24973,49470,49491,49627,21,157
24974,49470,49496,49624,26,154
24975,49530,49538,49631,8,101
24976,49530,49551,49639,21,109
24977,49530,49561,49593,31,63
24978,49590,49588,49679,-2,89
24979,49590,49597,49658,7,68
24980,49590,49600,49697,10,107
24981,49650,49653,49752,3,102
24982,49650,49678,49731,28,81
24983,49710,49699,49766,-11,56
24984,49710,49720,49818,10,108
24985,49710,49742,49788,32,78
24986,49770,49784,49892,14,122
24987,49770,49803,49843,33,73
24988,49830,49813,49886,-17,56
24989,49830,49821,49919,-9,89
24990,49830,49852,49948,22,118
24991,49830,49863,49940,33,110
24992,49890,49872,49926,-18,36
24993,49890,49890,49935,0,45
24994,49890,49930,49984,40,94
24995,49890,49934,50009,44,119
24996,49890,49936,50014,46,124
24997,49890,49939,50012,49,122
24998,49950,49983,50005,33,55
24999,50010,49993,50046,-17,36
25000,50010,50016,50072,6,62
25001,50010,50019,50256,9,246
25002,50070,50050,50089,-20,19
25003,50070,50054,50103,-16,33
25004,50070,50091,50158,21,88
25005,50130,50103,50125,-27,-5
25006,50130,50123,50188,-7,58
25007,50130,50129,50218,-1,88
25008,50130,50130,50191,0,61
25009,50130,50180,50326,50,196
25010,50190,50186,50260,-4,70
25011,50190,50195,50263,5,73
25012,50190,50197,50273,7,83
25013,50190,50199,50298,9,108
25014,50190,50201,50304,11,114
25015,50190,50208,50375,18,185
25016,50250,50282,50317,32,67
25017,50250,50282,50340,32,90
25018,50310,50325,50389,15,79
25019,50310,50325,50385,15,75
25020,50310,50329,50388,19,78
25021,50310,50340,50418,30,108
25022,50370,50348,50480,-22,110
25023,50370,50353,50506,-17,136
25024,50370,50393,50439,23,69
25025,50370,50402,50438,32,68
25026,50430,50421,50544,-9,114
25027,50430,50424,50491,-6,61
25028,50490,50466,50518,-24,28
25029,50490,50468,50534,-22,44
25030,50490,50469,50556,-21,66
25031,50490,50475,50552,-15,62
25032,50490,50516,51340,26,850
25033,50550,50521,50579,-29,29
25034,50550,50556,50844,6,294
25035,50610,50614,50725,4,115
25036,50610,50631,50715,21,105
25037,50610,50644,50731,34,121
25038,50670,50683,50740,13,70
25039,50670,50689,50780,19,110
25040,50730,50717,50785,-13,55
25041,50730,50759,50819,29,89
25042,50790,50775,50887,-15,97
25043,50790,50786,50866,-4,76
25044,50790,50793,50879,3,89
25045,50790,50827,50878,37,88
25046,50850,50859,50940,9,90
25047,50850,50881,50954,31,104
25048,50850,50883,50966,33,116
25049,50850,50883,50979,33,129
25050,50850,50884,50985,34,135
25051,50910,50900,50995,-10,85
25052,50910,50915,51000,5,90
25053,50910,50933,51018,23,108
25054,50970,50958,51083,-12,113
25055,50970,50969,51075,-1,105
25056,50970,50981,51040,11,70
25057,50970,50982,51077,12,107
25058,51030,51042,51084,12,54
25059,51090,51070,51140,-20,50
25060,51090,51083,52140,-7,1050
25061,51090,51084,51179,-6,89
25062,51090,51086,51288,-4,198
25063,51090,51089,51292,-1,202
25064,51090,51122,51393,32,303
25065,51150,51135,51330,-15,180
25066,51150,51148,51335,-2,185
25067,51150,51157,51338,7,188
25068,51150,51157,51363,7,213
25069,51150,51161,51355,11,205
25070,51150,51163,51358,13,208
25071,51150,51163,51359,13,209
25072,51150,51178,51493,28,343
25073,51210,51218,51468,8,258
25074,51210,51225,51472,15,262
25075,51210,51228,51478,18,268
25076,51210,51231,52280,21,1070
25077,51210,51235,51427,25,217
25078,51210,51238,51431,28,221
25079,51210,51239,51438,29,228
25080,51210,51240,51479,30,269
25081,51270,51273,51598,3,328
25082,51270,51279,51603,9,333
25083,51270,51286,51567,16,297
25084,51330,51309,51495,-21,165
25085,51330,51349,52400,19,1070
25086,51330,51362,51506,32,176
25087,51330,51366,51507,36,177
25088,51330,51369,51584,39,254
25089,51330,51377,51518,47,188
25090,51390,51379,51579,-11,189
25091,51390,51389,51528,-1,138
25092,51390,51394,51587,4,197
25093,51390,51401,51546,11,156
25094,51390,51403,51533,13,143
25095,51450,51443,51533,-7,83
25096,51450,51461,51538,11,88
25097,51450,51480,51606,30,156
25098,51510,51511,51650,1,140
25099,51510,51524,51605,14,95
25100,51570,51548,52560,-22,990
25101,51570,51558,51650,-12,80
25102,51570,51562,51673,-8,103
25103,51570,51570,51687,0,117
25104,51570,51575,51706,5,136
25105,51570,51612,52700,42,1130
25106,51630,51636,51717,6,87
25107,51630,51642,51725,12,95
25108,51690,51671,51769,-19,79
25109,51690,51712,51771,22,81
25110,51750,51723,52780,-27,1030
25111,51750,51726,51784,-24,34
25112,51750,51763,51808,13,58
25113,51750,51770,51823,20,73
25114,51810,51788,51897,-22,87
25115,51870,51866,51893,-4,23
25116,51870,51868,51988,-2,118
25117,51870,51871,51940,1,70
25118,51870,51900,51958,30,88
25119,51870,51902,52000,32,130
25120,51930,51908,51952,-22,22
25121,51930,51937,52007,7,77
25122,51930,51945,52188,15,258
25123,51930,51959,52085,29,155
25124,51990,51962,52017,-28,27
25125,51990,51994,52017,4,27
25126,51990,51995,52031,5,41
25127,52050,52027,52070,-23,20
25128,52050,52033,52120,-17,70
25129,52050,52071,52174,21,124
25130,52110,52113,52237,3,127
25131,52110,52124,52213,14,103
25132,52110,52128,52180,18,70
25133,52110,52129,52238,19,128
25134,52110,52132,53200,22,1090
25135,52170,52163,52329,-7,159
25136,52170,52168,52270,-2,100
25137,52170,52169,52293,-1,123
25138,52170,52173,52406,3,236
25139,52170,52184,53280,14,1110
25140,52170,52217,52374,47,204
25141,52230,52222,52368,-8,138
25142,52230,52222,52375,-8,145
25143,52230,52223,52420,-7,190
25144,52230,52267,53340,37,1110
25145,52230,52273,52422,43,192
25146,52230,52275,52436,45,206
25147,52290,52314,52477,24,187
25148,52350,52338,52480,-12,130
25149,52350,52347,52500,-3,150
25150,52350,52357,52473,7,123
25151,52350,52376,52487,26,137
25152,52350,52382,52536,32,186
25153,52350,52384,53440,34,1090
25154,52410,52395,52519,-15,109
25155,52410,52421,52522,11,112
25156,52470,52471,52536,1,66
25157,52470,52475,53500,5,1030
25158,52470,52482,52557,12,87
25159,52470,52512,52621,42,151
25160,52470,52519,52634,49,164
25161,52530,52526,52630,-4,100
25162,52530,52527,52671,-3,141
25163,52530,52536,52637,6,107
25164,52530,52542,52654,12,124
25165,52530,52545,52678,15,148
25166,52530,52551,52659,21,129
25167,52530,52552,52663,22,133
25168,52530,52554,52766,24,236
25169,52530,52554,52745,24,215
25170,52590,52565,52751,-25,161
25171,52590,52596,52804,6,214
25172,52590,52616,52758,26,168
25173,52650,52628,52760,-22,110
25174,52650,52634,52712,-16,62
25175,52650,52682,53700,32,1050
25176,52710,52693,52763,-17,53
25177,52710,52719,52781,9,71
25178,52710,52725,52868,15,158
25179,52710,52731,52802,21,92
25180,52710,52735,52872,25,162
25181,52710,52739,52918,29,208
25182,52710,52741,52846,31,136
25183,52770,52782,52873,12,103
25184,52770,52789,52878,19,108
25185,52770,52799,52910,29,140
25186,52830,52819,52885,-11,55
25187,52830,52829,52911,-1,81
25188,52890,52880,52924,-10,34
25189,52890,52886,52975,-4,85
25190,52890,52918,52987,28,97
25191,52950,52930,52994,-20,44
25192,52950,52959,53096,9,146
25193,52950,52968,53102,18,152
25194,52950,52996,53067,46,117
25195,53010,53033,53154,23,144
25196,53010,53038,53072,28,62
25197,53070,53074,53118,4,48
25198,53070,53076,53132,6,62
25199,53070,53102,53313,32,243
25200,53070,53106,53222,36,152
25201,53130,53113,53144,-17,14
25202,53130,53117,53278,-13,148
25203,53130,53148,53234,18,104
25204,53130,53156,53381,26,251
25205,53130,53158,53318,28,188
25206,53190,53176,53317,-14,127
25207,53190,53184,53331,-6,141
25208,53250,53258,53325,8,75
25209,53250,53260,53339,10,89
25210,53250,53261,53350,11,100
25211,53250,53263,53464,13,214
25212,53250,53284,53428,34,178
25213,53310,53307,53422,-3,112
25214,53310,53311,53456,1,146
25215,53310,53323,53462,13,152
25216,53310,53326,53522,16,212
25217,53310,53342,53542,32,232
25218,53310,53345,53530,35,220
25219,53310,53353,53534,43,224
25220,53310,53354,53579,44,269
25221,53370,53424,53664,54,294
25222,53370,53432,53657,62,287
25223,53430,53442,53615,12,185
25224,53430,53445,53635,15,205
25225,53430,53446,53681,16,251
25226,53430,53453,53783,23,353
25227,53430,53459,53733,29,303
25228,53430,53459,53771,29,341
25229,53430,53466,53774,36,344
25230,53430,53470,53748,40,318
25231,53490,53495,53777,5,287
25232,53490,53505,53777,15,287
25233,53490,53547,53795,57,305
25234,53490,53564,53801,74,311
25235,53490,53573,53848,83,358
25236,53550,53583,53823,33,273
25237,53550,53586,53906,36,356
25238,53550,53598,53836,48,286
25239,53550,53600,53859,50,309
25240,53610,53607,53859,-3,249
25241,53610,53615,53861,5,251
25242,53610,53616,53879,6,269
25243,53670,53660,54680,-10,1010
25244,53730,53725,53972,-5,242
25245,53730,53748,54770,18,1040
25246,53730,53758,53895,28,165
25247,53790,53765,53972,-25,182
25248,53790,53780,54015,-10,225
25249,53790,53785,53982,-5,192
25250,53790,53787,53930,-3,140
25251,53790,53794,53925,4,135
25252,53850,53824,53975,-26,125
25253,53850,53828,53978,-22,128
25254,53850,53858,54004,8,154
25255,53850,53868,53959,18,109
25256,53850,53872,53961,22,111
25257,53910,53907,54045,-3,135
25258,53910,53920,53964,10,54
25259,53910,53927,54157,17,247
25260,54030,54039,54135,9,105
25261,54030,54052,54140,22,110
25262,54090,54091,54413,1,323
25263,54150,54145,54261,-5,111
25264,54150,54156,54302,6,152
25265,54150,54160,54284,10,134
25266,54150,54161,54322,11,172
25267,54150,54164,54447,14,297
25268,54150,54167,54414,17,264
25269,54150,54173,54424,23,274
25270,54150,54178,54444,28,294
25271,54210,54182,54444,-28,234
25272,54210,54188,54484,-22,274
25273,54210,54214,54496,4,286
25274,54210,54253,54511,43,301
25275,54210,54260,54627,50,417
25276,54270,54263,54681,-7,411
25277,54270,54266,54714,-4,444
25278,54270,54270,54733,0,463
25279,54270,54273,54750,3,480
25280,54270,54282,54774,12,504
25281,54270,54291,54885,21,615
25282,54270,54302,54839,32,569
25283,54330,54311,54824,-19,494
25284,54330,54340,54839,10,509
25285,54330,54365,54582,35,252
25286,54330,54372,54891,42,561
25287,54330,54381,54885,51,555
25288,54330,54384,54862,54,532
25289,54330,54386,54888,56,558
25290,54390,54406,54895,16,505
25291,54390,54413,54904,23,514
25292,54450,54441,54929,-9,479
25293,54450,54447,54945,-3,495
25294,54450,54449,54959,-1,509
25295,54450,54476,54914,26,464
25296,54510,54510,54920,0,410
25297,54570,54562,54923,-8,353
25298,54570,54570,54942,0,372
25299,54570,54590,54970,20,400
25300,54630,54619,54949,-11,319
25301,54630,54625,54946,-5,316
25302,54630,54629,54963,-1,333
25303,54630,54633,54969,3,339
25304,54630,54684,54965,54,335
25305,54690,54686,54985,-4,295
25306,54690,54706,54980,16,290
25307,54690,54712,54992,22,302
25308,54690,54715,54995,25,305
25309,54690,54719,54991,29,301
25310,54690,54720,54997,30,307
25311,54750,54723,54995,-27,245
25312,54750,54753,55059,3,309
25313,54750,54759,55065,9,315
25314,54750,54761,55017,11,267
25315,54750,54824,55069,74,319
25316,54750,54825,55079,75,329
25317,54810,54826,55029,16,219
25318,54810,54827,54965,17,155
25319,54810,54829,55120,19,310
25320,54810,54833,55047,23,237
25321,54810,54840,55052,30,242
25322,54870,54894,55065,24,195
25323,54870,54896,55086,26,216
25324,54870,54911,55087,41,217
25325,54930,54929,55074,-1,144
25326,54930,54933,55144,3,214
25327,54930,54945,55103,15,173
25328,54990,54969,55229,-21,239
25329,54990,55001,55138,11,148
25330,54990,55008,55150,18,160
25331,54990,55019,55149,29,159
25332,55050,55026,55242,-24,192
25333,55050,55084,55155,34,105
25334,55050,55086,55205,36,155
25335,55050,55089,55244,39,194
25336,55050,55097,55213,47,163
25337,55110,55104,55201,-6,91
25338,55170,55151,55194,-19,24
25339,55170,55170,55192,0,22
25340,55170,55190,55274,20,104
25341,55170,55197,55252,27,82
25342,55230,55217,55740,-13,510
25343,55230,55226,55298,-4,68
25344,55230,55237,55435,7,205
25345,55230,55246,55317,16,87
25346,55230,55250,56280,20,1050
25347,55290,55283,55458,-7,168
25348,55290,55289,55406,-1,116
25349,55290,55290,55468,0,178
25350,55290,55291,55504,1,214
25351,55290,55292,55485,2,195
25352,55290,55293,55514,3,224
25353,55290,55295,55654,5,364
25354,55290,55299,55658,9,368
25355,55290,55354,55667,64,377
25356,55350,55365,55584,15,234
25357,55350,55368,55670,18,320
25358,55350,55378,55673,28,323
25359,55410,55425,55611,15,201
25360,55410,55427,55612,17,202
25361,55470,55448,55743,-22,273
25362,55470,55455,55766,-15,296
25363,55470,55493,55644,23,174
25364,55530,55510,55716,-20,186
25365,55530,55516,55710,-14,180
25366,55530,55539,55795,9,265
25367,55530,55552,55761,22,231
25368,55530,55558,55827,28,297
25369,55590,55576,55897,-14,307
25370,55590,55595,55810,5,220
25371,55590,55612,55824,22,234
25372,55590,55625,56096,35,506
25373,55650,55658,55906,8,256
25374,55710,55696,55910,-14,200
25375,55710,55716,55875,6,165
25376,55710,55717,55937,7,227
25377,55710,55743,55923,33,213
25378,55770,55764,55886,-6,116
25379,55770,55767,55927,-3,157
25380,55770,55774,56081,4,311
25381,55830,55822,56070,-8,240
25382,55830,55847,56860,17,1030
25383,55830,55891,55966,61,136
25384,55830,55897,56031,67,201
25385,55830,55930,55951,100,121
25386,55890,55899,56082,9,192
25387,55890,55917,56086,27,196
25388,55890,55930,56092,40,202
25389,55890,55944,56053,54,163
25390,55950,55948,56084,-2,134
25391,56010,55986,56081,-24,71
25392,56010,56003,56086,-7,76
25393,56010,56023,56090,13,80
25394,56010,56026,56094,16,84
25395,56070,56053,56184,-17,114
25396,56070,56067,56234,-3,164
25397,56070,56089,56221,19,151
25398,56070,56100,56215,30,145
25399,56070,56101,56455,31,385
25400,56070,56090,56326,20,256
25401,56070,56104,56249,34,179
25402,56070,56104,56331,34,261
25403,56130,56106,56248,-24,118
25404,56130,56130,56329,0,199
25405,56130,56144,56333,14,203
25406,56130,56155,56303,25,173
25407,56130,56160,56340,30,210
25408,56190,56164,56357,-26,167
25409,56190,56167,56305,-23,115
25410,56190,56171,57210,-19,1020
25411,56190,56174,56307,-16,117
25412,56190,56223,56573,33,383
25413,56190,56238,57250,48,1060
25414,56250,56256,56478,6,228
25415,56250,56281,56579,31,329
25416,56250,56301,56588,51,338
25417,56250,56311,56600,61,350
25418,56250,56325,56648,75,398
25419,56250,56345,56602,95,352
25420,56250,56357,56596,107,346
25421,56310,56364,56773,54,463
25422,56310,56372,56777,62,467
25423,56310,56379,56786,69,476
25424,56310,56385,56786,75,476
25425,56310,56397,56658,87,348
25426,56370,56399,56791,29,421
25427,56370,56406,56674,36,304
25428,56370,56408,56796,38,426
25429,56370,56414,56798,44,428
25430,56430,56425,56800,-5,370
25431,56430,56432,56719,2,289
25432,56430,56505,56808,75,378
25433,56490,56512,56812,22,322
25434,56490,56517,56738,27,248
25435,56490,56517,56740,27,250
25436,56490,56519,56814,29,324
25437,56490,56524,56747,34,257
25438,56550,56527,56750,-23,200
25439,56550,56560,56814,10,264
25440,56550,56567,56769,17,219
25441,56550,56573,56761,23,211
25442,56550,56575,56829,25,279
25443,56610,56596,56822,-14,212
25444,56610,56620,56810,10,200
25445,56610,56647,56843,37,233
25446,56610,56668,57680,58,1070
25447,56670,56684,56850,14,180
25448,56670,56697,56838,27,168
25449,56670,56700,56949,30,279
25450,56670,56703,56859,33,189
25451,56670,56717,56851,47,181
25452,56730,56720,56859,-10,129
25453,56730,56781,56882,51,152
25454,56730,56792,56870,62,140
25455,56730,56795,56924,65,194
25456,56790,56803,56934,13,144
25457,56790,56812,56949,22,159
25458,56790,56823,56911,33,121
25459,56790,56832,56915,42,125
25460,56850,56865,56913,15,63
25461,56850,56873,56912,23,62
25462,56850,56876,57165,26,315
25463,56850,56884,57053,34,203
25464,56850,56894,57091,44,241
25465,56910,56901,57019,-9,109
25466,56910,56907,57047,-3,137
25467,56910,56913,57048,3,138
25468,56910,56915,57057,5,147
25469,56910,56930,57116,20,206
25470,56910,56933,57088,23,178
25471,56910,56941,57186,31,276
25472,56910,56952,57095,42,185
25473,56910,56953,57189,43,279
25474,56910,56958,57112,48,202
25475,56970,56970,57132,0,162
25476,56970,56972,57329,2,359
25477,56970,56975,57145,5,175
25478,56970,56976,57161,6,191
25479,56970,56978,57171,8,201
25480,57030,57023,57178,-7,148
25481,57030,57007,57192,-23,162
25482,57030,57032,57186,2,156
25483,57030,57044,57251,14,221
25484,57030,57055,57317,25,287
25485,57090,57088,57209,-2,119
25486,57090,57101,57255,11,165
25487,57090,57106,57227,16,137
25488,57090,57123,57235,33,145
25489,57090,57124,58150,34,1060
25490,57150,57171,57342,21,192
25491,57150,57178,57396,28,246
25492,57150,57185,57386,35,236
25493,57150,57190,57363,40,213
25494,57210,57193,57377,-17,167
25495,57210,57243,57385,33,175
25496,57210,57246,57373,36,163
25497,57210,57248,57385,38,175
25498,57210,57250,57381,40,171
25499,57270,57252,57581,-18,311
25500,57270,57261,57582,-9,312
25501,57270,57270,57603,0,333
25502,57270,57278,57596,8,326
25503,57270,57285,57617,15,347
25504,57270,57292,57426,22,156
25505,57270,57308,57610,38,340
25506,57330,57313,57571,-17,241
25507,57330,57321,57437,-9,107
25508,57330,57330,57615,0,285
25509,57330,57346,57620,16,290
25510,57330,57352,57604,22,274
25511,57390,57389,57638,-1,248
25512,57390,57398,57650,8,260
25513,57390,57405,58480,15,1090
25514,57390,57408,57661,18,271
25515,57390,57420,57734,30,344
25516,57390,57426,57681,36,291
25517,57390,57432,57698,42,308
25518,57390,57438,57697,48,307
25519,57450,57440,57784,-10,334
25520,57450,57446,57712,-4,262
25521,57450,57484,57778,34,328
25522,57450,57525,57785,75,335
25523,57450,57535,57796,85,346
25524,57510,57539,57802,29,292
25525,57510,57546,57809,36,299
25526,57510,57553,57751,43,241
25527,57510,57556,58053,46,543
25528,57510,57570,57785,60,275
25529,57510,57575,57821,65,311
25530,57510,57583,57766,73,256
25531,57570,57585,57839,15,269
25532,57570,57592,57850,22,280
25533,57570,57597,57863,27,293
25534,57570,57600,57866,30,296
25535,57570,57607,57868,37,298
25536,57570,57609,57875,39,305
25537,57570,57614,58640,44,1070
25538,57630,57619,57849,-11,219
25539,57630,57645,57838,15,208
25540,57630,57654,57903,24,273
25541,57630,57660,57896,30,266
25542,57690,57673,58680,-17,990
25543,57690,57674,57875,-16,185
25544,57690,57678,57873,-12,183
25545,57690,57688,57887,-2,197
25546,57690,57703,57884,13,194
25547,57750,57762,57907,12,157
25548,57750,57776,57923,26,173
25549,57750,57791,57943,41,193
25550,57750,57810,57960,60,210
25551,57750,57814,57954,64,204
25552,57750,57816,58050,66,300
25553,57810,57819,57966,9,156
25554,57810,57836,58036,26,226
25555,57810,57844,57985,34,175
25556,57870,57893,57994,23,124
25557,57870,57897,58053,27,183
25558,57870,57900,58000,30,130
25559,57870,57902,58177,32,307
25560,57870,57910,58019,40,149
25561,57870,57914,58183,44,313
25562,57930,57954,58056,24,126
25563,57930,57956,58059,26,129
25564,57930,57958,58045,28,115
25565,57930,57960,58065,30,135
25566,57930,57963,58162,33,232
25567,57990,57965,58160,-25,170
25568,57990,57968,58074,-22,84
25569,57990,58016,58170,26,180
25570,58050,58059,58179,9,129
25571,58050,58063,58185,13,135
25572,58050,58070,58181,20,131
25573,58050,58072,58201,22,151
25574,58050,58093,58206,43,156
25575,58050,58074,58205,24,155
25576,58050,58082,58234,32,184
25577,58110,58097,58241,-13,131
25578,58110,58100,58243,-10,133
25579,58110,58103,58228,-7,118
25580,58110,58123,58248,13,138
25581,58110,58146,58257,36,147
25582,58110,58150,58260,40,150
25583,58170,58156,58266,-14,96
25584,58170,58169,58262,-1,92
25585,58170,58192,58263,22,93
25586,58170,58195,58295,25,125
25587,58230,58235,58351,5,121
25588,58230,58241,58340,11,110
25589,58230,58244,58346,14,116
25590,58230,58252,58322,22,92
25591,58230,58261,58351,31,121
25592,58290,58278,58378,-12,88
25593,58290,58282,58403,-8,113
25594,58290,58288,58407,-2,117
25595,58290,58292,58387,2,97
25596,58350,58340,58418,-10,68
25597,58350,58348,58415,-2,65
25598,58350,58350,58856,0,506
25599,58350,58354,58499,4,149
25600,58350,58357,58478,7,128
25601,58350,58360,58483,10,133
25602,58350,58364,58482,14,132
25603,58350,58364,58473,14,123
25604,58350,58375,58497,25,147
25605,58350,58380,58463,30,113
25606,58410,58434,58563,24,153
25607,58410,58453,58620,43,210
25608,58470,58463,58587,-7,117
25609,58470,58467,58582,-3,112
25610,58470,58470,58555,0,85
25611,58470,58471,58594,1,124
25612,58470,58477,58549,7,79
25613,58470,58496,58550,26,80
25614,58470,58502,58647,32,177
25615,58530,58508,58657,-22,127
25616,58530,58515,58661,-15,131
25617,58530,58523,58626,-7,96
25618,58530,58540,58663,10,133
25619,58530,58544,58806,14,276
25620,58530,58549,58660,19,130
25621,58530,58564,58674,34,144
25622,58590,58576,58756,-14,166
25623,58590,58604,58680,14,90
25624,58590,58614,58755,24,165
25625,58590,58632,58757,42,167
25626,58650,58655,58765,5,115
25627,58650,58672,58760,22,110
25628,58650,58678,58730,28,80
25629,58650,58681,58766,31,116
25630,58710,58690,58792,-20,82
25631,58710,58691,58778,-19,68
25632,58710,58698,58805,-12,95
25633,58710,58710,58808,0,98
25634,58710,58713,58817,3,107
25635,58710,58716,58843,6,133
25636,58710,58723,58837,13,127
25637,58770,58769,58880,-1,110
25638,58770,58773,58874,3,104
25639,58770,58774,58918,4,148
25640,58770,58776,58899,6,129
25641,58770,58777,58893,7,123
25642,58770,58817,58934,47,164
25643,58830,58824,58914,-6,84
25644,58830,58828,58943,-2,113
25645,58830,58828,59910,-2,1080
25646,58830,58829,58947,-1,117
25647,58830,58852,58936,22,106
25648,58890,58885,58949,-5,59
25649,58890,58909,59007,19,117
25650,58890,58915,59071,25,181
25651,58890,58917,58973,27,83
25652,58950,58933,59145,-17,195
25653,58950,58973,59029,23,79
25654,58950,58976,59130,26,180
25655,59010,58995,60000,-15,990
25656,59010,59004,59092,-6,82
25657,59010,59034,59149,24,139
25658,59070,59090,59139,20,69
25659,59070,59104,59219,34,149
25660,59130,59157,59230,27,100
25661,59190,59185,59243,-5,53
25662,59190,59191,59297,1,107
25663,59310,59283,59350,-27,40
25664,59310,59291,59355,-19,45
25665,59310,59296,59365,-14,55
25666,59310,59302,59380,-8,70
25667,59370,59349,59392,-21,22
25668,59370,59351,59445,-19,75
25669,59370,59376,59558,6,188
25670,59370,59379,59421,9,51
25671,59370,59381,59496,11,126
25672,59370,59409,59532,39,162
25673,59370,59414,59564,44,194
25674,59430,59419,59727,-11,297
25675,59430,59425,59734,-5,304
25676,59430,59431,59626,1,196
25677,59430,59471,59739,41,309
25678,59430,59479,59727,49,297
25679,59430,59482,59678,52,248
25680,59430,59483,59747,53,317
25681,59490,59525,59712,35,222
25682,59550,59546,59715,-4,165
25683,59550,59548,59754,-2,204
25684,59550,59563,59742,13,192
25685,59550,59565,59762,15,212
25686,59610,59603,59798,-7,188
25687,59610,59609,59822,-1,212
25688,59610,59617,59811,7,201
25689,59610,59621,59928,11,318
25690,59610,59649,59862,39,252
25691,59610,59652,59861,42,251
25692,59610,59655,60061,45,451
25693,59670,59668,59892,-2,222
25694,59670,59676,59875,6,205
25695,59670,59677,59926,7,256
25696,59670,59685,59903,15,233
25697,59730,59732,59936,2,206
25698,59730,59735,60107,5,377
25699,59730,59737,60121,7,391
25700,59730,59740,60129,10,399
25701,59730,59742,60137,12,407
25702,59730,59745,60029,15,299
25703,59730,59746,60024,16,294
25704,59730,59775,60061,45,331
25705,59790,59782,60055,-8,265
25706,59790,59810,60280,20,490
25707,59790,59823,60174,33,384
25708,59790,59835,60152,45,362
25709,59790,59846,60162,56,372
25710,59790,59852,60151,62,361
25711,59850,59854,60166,4,316
25712,59850,59858,60162,8,312
25713,59850,59862,60170,12,320
25714,59850,59863,60167,13,317
25715,59850,59863,60313,13,463
25716,59850,59883,60318,33,468
25717,59910,59886,60186,-24,276
25718,59910,59893,60324,-17,414
25719,59910,59918,60266,8,356
25720,59910,59921,60196,11,286
25721,59910,59924,60203,14,293
25722,59910,59936,60330,26,420
25723,59910,59945,60336,35,426
25724,59910,59956,60223,46,313
25725,59970,59975,60251,5,281
25726,59970,59977,60341,7,371
25727,59970,60029,60443,59,473
25728,59970,60036,60252,66,282
25729,59970,60039,60346,69,376
25730,59970,60044,60271,74,301
25731,59970,60045,60266,75,296
25732,60030,60047,60271,17,241
25733,60030,60049,60279,19,249
25734,60030,60051,60272,21,242
25735,60030,60053,60353,23,323
25736,60090,60189,60396,99,306
25737,60150,60217,60401,67,251
25738,60150,60222,60459,72,309
25739,60150,60231,60474,81,324
25740,60150,60234,60466,84,316
25741,60150,60241,60422,91,272
25742,60150,60290,60478,140,328
25743,60210,60301,60480,91,270
25744,60210,60320,60525,110,315
25745,60270,60326,60514,56,244
25746,60270,60328,60501,58,231
25747,60270,60328,60482,58,212
25748,60270,60330,60508,60,238
25749,60270,60330,60486,60,216
25750,60270,60333,60488,63,218
25751,60330,60334,60568,4,238
25752,60330,60340,60525,10,195
25753,60330,60397,60504,67,174
25754,60390,60400,60512,10,122
25755,60390,60401,60572,11,182
25756,60390,60406,60576,16,186
25757,60390,60423,60548,33,158
25758,60450,60460,60557,10,107
25759,60450,60463,60579,13,129
25760,60450,60476,60594,26,144
25761,60510,60532,60609,22,99
25762,60570,60575,60632,5,62
25763,60570,60613,60700,43,130
25764,60570,60595,60714,25,144
25765,60630,60612,60718,-18,88
25766,60630,60619,60730,-11,100
25767,60630,60634,60974,4,344
25768,60630,60652,60749,22,119
25769,60690,60667,60762,-23,72
25770,60690,60670,60762,-20,72
25771,60690,60685,60874,-5,184
25772,60690,60691,60800,1,110
25773,60690,60693,60789,3,99
25774,60690,60705,60878,15,188
25775,60690,60715,60859,25,169
25776,60690,60717,60881,27,191
25777,60750,60732,60883,-18,133
25778,60750,60734,60890,-16,140
25779,60750,60737,60902,-13,152
25780,60750,60791,60933,41,183
25781,60750,60793,60943,43,193
25782,60750,60801,60946,51,196
25783,60750,60809,60934,59,184
25784,60810,60812,60938,2,128
25785,60810,60816,60982,6,172
25786,60810,60824,60964,14,154
25787,60810,60827,60967,17,157
25788,60810,60836,60971,26,161
25789,60810,60838,60981,28,171
25790,60870,60867,61111,-3,241
25791,60870,60873,60983,3,113
25792,60870,60904,61047,34,177
25793,60870,60908,61015,38,145
25794,60930,60912,61163,-18,233
25795,60930,60918,61027,-12,97
25796,60930,60919,61117,-11,187
25797,60930,60921,61047,-9,117
25798,60930,60973,62040,43,1110
25799,60930,60975,61166,45,236
25800,60990,60981,61130,-9,140
25801,60990,61013,61150,23,160
25802,60990,61018,61225,28,235
25803,60990,61033,61229,43,239
25804,61050,61041,61361,-9,311
25805,61050,61043,61273,-7,223
25806,61050,61100,61237,50,187
25807,61050,61108,61193,58,143
25808,61110,61126,61241,16,131
25809,61110,61134,61205,24,95
25810,61110,61162,61241,52,131
25811,61170,61165,61245,-5,75
25812,61170,61165,61252,-5,82
25813,61170,61196,61282,26,112
25814,61230,61220,61315,-10,85
25815,61230,61230,61318,0,88
25816,61230,61239,61317,9,87
25817,61230,61260,61370,30,140
25818,61290,61281,61377,-9,87
25819,61290,61297,61391,7,101
25820,61290,61318,61395,28,105
25821,61350,61324,61395,-26,45
25822,61350,61326,61447,-24,97
25823,61350,61331,61497,-19,147
25824,61350,61350,61441,0,91
25825,61350,61362,61495,12,145
25826,61350,61381,61479,31,129
25827,61410,61386,61459,-24,49
25828,61410,61390,61497,-20,87
25829,61410,61414,61515,4,105
25830,61470,61451,61513,-19,43
25831,61470,61468,61517,-2,47
25832,61470,61493,61599,23,129
25833,61530,61506,61684,-24,154
25834,61530,61531,61682,1,152
25835,61530,61537,61686,7,156
25836,61590,61597,61695,7,105
25837,61590,61618,61728,28,138
25838,61590,61634,61708,44,118
25839,61650,61638,61789,-12,139
25840,61650,61675,61778,25,128
25841,61650,61679,61780,29,130
25842,61650,61681,61843,31,193
25843,61710,61696,61844,-14,134
25844,61710,61716,61851,6,141
25845,61710,61719,61853,9,143
25846,61710,61727,61871,17,161
25847,61770,61790,61855,20,85
25848,61830,61822,61870,-8,40
25849,61830,61860,61920,30,90
25850,61890,61871,61948,-19,58
25851,61890,61894,61969,4,79
25852,61890,61916,62014,26,124
25853,61950,61947,61979,-3,29
25854,61950,61947,62000,-3,50
25855,61950,61954,62990,4,1040
25856,61950,61962,62037,12,87
25857,61950,61973,62044,23,94
25858,62010,62028,62061,18,51
25859,62070,62051,62124,-19,54
25860,62070,62062,62119,-8,49
25861,62070,62064,62105,-6,35
25862,62070,62081,62169,11,99
25863,62070,62094,62152,24,82
25864,62130,62113,62202,-17,72
25865,62130,62150,62261,20,131
25866,62250,62231,62331,-19,81
25867,62250,62237,62378,-13,128
25868,62250,62243,62324,-7,74
25869,62250,62265,62382,15,132
25870,62250,62275,62393,25,143
25871,62310,62310,63056,0,746
25872,62310,62313,62429,3,119
25873,62310,62334,62421,24,111
25874,62310,62336,62438,26,128
25875,62370,62394,62436,24,66
25876,62370,62396,62459,26,89
25877,62430,62419,62514,-11,84
25878,62430,62424,62508,-6,78
25879,62430,62429,62511,-1,81
25880,62430,62430,62523,0,93
25881,62430,62444,62545,14,115
25882,62430,62458,62727,28,297
25883,62490,62515,62634,25,144
25884,62490,62528,62643,38,153
25885,62490,62534,62718,44,228
25886,62490,62554,62656,64,166
25887,62550,62560,62667,10,117
25888,62550,62561,62723,11,173
25889,62550,62563,62769,13,219
25890,62550,62568,62947,18,397
25891,62610,62603,62786,-7,176
25892,62610,62607,62757,-3,147
25893,62610,62608,62844,-2,234
25894,62610,62617,62883,7,273
25895,62610,62626,62947,16,337
25896,62610,62633,62815,23,205
25897,62670,62651,62821,-19,151
25898,62670,62664,62886,-6,216
25899,62670,62670,62886,0,216
25900,62670,62674,62890,4,220
25901,62670,62678,62864,8,194
25902,62670,62705,62867,35,197
25903,62730,62725,62868,-5,138
25904,62730,62734,62894,4,164
25905,62730,62757,62881,27,151
25906,62730,62759,63018,29,288
25907,62790,62764,62977,-26,187
25908,62790,62823,62927,33,137
25909,62790,62825,63035,35,245
25910,62850,62847,63035,-3,185
25911,62850,62855,62979,5,129
25912,62850,62858,63007,8,157
25913,62850,62866,63004,16,154
25914,62910,62896,63063,-14,153
25915,62910,62901,63024,-9,114
25916,62910,62931,63064,21,154
25917,62910,62938,63033,28,123
25918,62910,62942,63037,32,127
25919,62910,62945,63080,35,170
25920,62910,62949,63042,39,132
25921,62970,62962,63080,-8,110
25922,62970,62968,63043,-2,73
25923,62970,62970,63046,0,76
25924,63030,63046,63218,16,188
25925,63030,63056,63110,26,80
25926,63030,63064,63261,34,231
25927,63090,63071,63113,-19,23
25928,63090,63075,63118,-15,28
25929,63090,63113,63183,23,93
25930,63210,63189,63217,-21,7
25931,63270,63285,63367,15,97
25932,63270,63296,63379,26,109
25933,63330,63311,63428,-19,98
25934,63330,63357,63457,27,127
25935,63330,63362,63441,32,111
25936,63390,63391,63443,1,53
25937,63390,63395,63497,5,107
25938,63390,63400,63509,10,119
25939,63390,63420,63510,30,120
25940,63450,63431,63630,-19,180
25941,63450,63436,63512,-14,62
25942,63450,63483,63537,33,87
25943,63450,63505,63602,55,152
25944,63510,63522,63602,12,92
25945,63510,63522,63653,12,143
25946,63510,63526,63684,16,174
25947,63510,63534,63657,24,147
25948,63570,63574,63665,4,95
25949,63570,63605,63692,35,122
25950,63690,63672,64720,-18,1030
25951,63690,63677,63770,-13,80
25952,63690,63682,63822,-8,132
25953,63690,63698,63832,8,142
25954,63690,63702,63827,12,137
25955,63690,63707,63862,17,172
25956,63690,63717,63845,27,155
25957,63690,63730,63855,40,165
25958,63690,63731,63868,41,178
25959,63750,63751,63950,1,200
25960,63750,63757,64860,7,1110
25961,63810,63822,63962,12,152
25962,63810,63831,63972,21,162
25963,63810,63833,63985,23,175
25964,63810,63833,63979,23,169
25965,63870,63879,64029,9,159
25966,63870,63894,64176,24,306
25967,63870,63902,64037,32,167
25968,63930,63910,64214,-20,284
25969,63930,63942,64072,12,142
25970,63930,63955,64058,25,128
25971,63930,63973,64177,43,247
25972,64050,64039,64119,-11,69
25973,64050,64041,64124,-9,74
25974,64050,64071,64130,21,80
25975,64050,64071,64141,21,91
25976,64110,64124,64258,14,148
25977,64170,64176,64251,6,81
25978,64170,64204,64267,34,97
25979,64230,64263,64313,33,83
25980,64290,64289,64347,-1,57
25981,64290,64292,64401,2,111
25982,64350,64360,64488,10,138
25983,64350,64369,64622,19,272
25984,64350,64369,64569,19,219
25985,64410,64406,64567,-4,157
25986,64410,64451,64577,41,167
25987,64470,64456,64556,-14,86
25988,64530,64557,64614,27,84
25989,64590,64566,64618,-24,28
25990,64590,64607,64674,17,84
25991,64650,64623,64676,-27,26
25992,64650,64679,64886,29,236
25993,64710,64704,64748,-6,38
25994,64710,64743,64813,33,103
25995,64770,64748,65151,-22,381
25996,64770,64759,64920,-11,150
25997,64770,64761,65155,-9,385
25998,64770,64800,65161,30,391
25999,64770,64816,65164,46,394
26000,64830,64831,65165,1,335
26001,64830,64853,65046,23,216
26002,64890,64868,65169,-22,279
26003,64890,64886,65169,-4,279
26004,64890,64903,65172,13,282
26005,64950,65082,66100,132,1150
26006,64950,65084,65207,134,257
26007,65010,65091,65627,81,617
26008,65010,65096,65266,86,256
26009,65070,65099,65247,29,177
26010,65070,65101,65257,31,187
26011,65130,65161,65630,31,500
26012,65190,65197,66300,7,1110
26013,65190,65202,65391,12,201
26014,65190,65204,65638,14,448
26015,65190,65215,65642,25,452
26016,65310,65306,65436,-4,126
26017,65310,65359,65871,49,561
26018,65370,65361,65893,-9,523
26019,65370,65454,65651,84,281
26020,65430,65457,65659,27,229
26021,65430,65459,65896,29,466
26022,65490,65511,65900,21,410
26023,65490,65519,65787,29,297
26024,65490,65521,65799,31,309
26025,65550,65529,65807,-21,257
26026,65610,65674,65872,64,262
26027,65610,65695,65883,85,273
26028,65610,65719,65904,109,294
26029,65670,65741,65911,71,241
26030,65730,65763,65945,33,215
26031,65790,65859,65949,69,159
26032,65790,65861,65954,71,164
26033,65910,65901,65990,-9,80
26034,66330,66385,66495,55,165
26035,66390,66399,66494,9,104
26036,66450,66488,66563,38,113
26037,66810,66804,66882,-6,72
26038,66930,66999,67143,69,213
26039,67170,67167,67198,-3,28
26040,67230,67243,67345,13,115
26041,67290,67307,67351,17,61
26042,67350,67377,67467,27,117
26043,67410,67420,68460,10,1050
26044,67410,67474,68540,64,1130
26045,67410,67478,67748,68,338
26046,67530,67524,67776,-6,246
26047,67530,67591,67802,61,272
26048,67590,67635,67821,45,231
26049,67650,67682,68830,32,1180
26050,67770,67767,67852,-3,82
26051,67830,67852,67959,22,129
26052,68130,68148,68388,18,258
26053,68190,68255,68304,65,114
26054,68370,68392,68521,22,151
26055,68790,68810,68923,20,133
26056,69570,69667,70680,97,1110
26057,69630,69750,69803,120,173
26058,69810,69984,70050,174,240
26059,69930,69911,70920,-19,990
26060,69930,69990,70094,60,164
26061,70230,70249,70489,19,259
26062,70290,70349,71360,59,1070
26063,70350,70421,70477,71,127
26064,70770,70871,71242,101,472
26065,70770,70922,71930,152,1160
26066,70890,71111,71372,221,482
26067,71010,71143,71375,133,365
26068,71550,71568,72580,18,1030
26069,71910,71957,73020,47,1110
26070,72630,72666,73670,36,1040
26071,72810,72810,72937,0,127
26072,73350,73377,73445,27,95
26073,73470,73464,73582,-6,112
26074,74070,74097,74149,27,79
26075,74250,74247,74322,-3,72
26076,74370,74371,74555,1,185
26077,74430,74492,74567,62,137
26078,77130,77127,78280,-3,1150
26080,31530,31531,31807,1,277
26081,31590,31615,31799,25,209
26082,31950,31946,32143,-4,193
26083,31950,31951,32083,1,133
26084,32070,32083,32155,13,85
26085,32070,32096,32188,26,118
26086,32250,32239,32491,-11,241
26087,32250,32322,32501,72,251
26088,32370,32382,32509,12,139
26089,32430,32405,32518,-25,88
26090,32430,32432,32545,2,115
26091,32490,32550,32623,60,133
26092,32550,32567,32631,17,81
26093,32610,32657,32720,47,110
26094,32670,32696,32809,26,139
26095,32730,32709,32864,-21,134
26096,32790,32812,32927,22,137
26097,32850,32840,32921,-10,71
26098,32910,32920,32957,10,47
26099,32910,32942,33044,32,134
26100,32970,32954,33105,-16,135
26101,33030,33076,33114,46,84
26102,33090,33116,33238,26,148
26103,33450,33441,34590,-9,1140
26104,33510,33511,33922,1,412
26105,33630,33622,33667,-8,37
26106,33630,33661,33695,31,65
26107,33690,33695,33865,5,175
26108,33810,33822,34009,12,199
26109,33870,33874,33937,4,67
26110,33870,33895,34034,25,164
26111,33930,33928,34061,-2,131
26112,33930,33941,34054,11,124
26113,33990,33999,35060,9,1070
26114,34110,34096,34177,-14,67
26115,34110,34138,34194,28,84
26116,34170,34142,35237,-28,1067
26117,34170,34198,34825,28,655
26118,34650,34681,34844,31,194
26119,34710,34687,34858,-23,148
26120,34710,34771,35224,61,514
26121,34770,34781,34922,11,152
26122,34890,34926,35279,36,389
26123,34950,34991,35379,41,429
26124,34950,35002,35384,52,434
26125,35010,35015,35299,5,289
26126,35010,35018,35382,8,372
26127,35010,35028,35311,18,301
26128,35070,35214,35388,144,318
26129,35130,35221,35384,91,254
26130,35250,35227,35332,-23,82
26131,35250,35229,35333,-21,83
26132,35310,35332,35403,22,93
26133,35310,35336,35407,26,97
26134,35370,35375,35433,5,63
26135,35370,35391,35436,21,66
26136,35370,35393,35490,23,120
26137,35430,35415,35459,-15,29
26138,35430,35419,35546,-11,116
26139,35430,35464,35653,34,223
26140,35490,35474,35688,-16,198
26141,35490,35486,35688,-4,198
26142,35550,35550,35696,0,146
26143,35550,35559,36570,9,1020
26144,35550,35565,35917,15,367
26145,35550,35568,35875,18,325
26146,35550,35569,35910,19,360
26147,35610,35587,36064,-23,454
26148,35670,35676,35923,6,253
26149,35670,35679,35948,9,278
26150,35730,35759,35931,29,201
26151,35730,35772,35933,42,203
26152,35730,35773,35947,43,217
26153,35790,35775,35954,-15,164
26154,35790,35822,35983,32,193
26155,35790,35828,36004,38,214
26156,35790,35834,36017,44,227
26157,35850,35864,35981,14,131
26158,35850,35885,35980,35,130
26159,35850,35892,36016,42,166
26160,35970,35979,36028,9,58
26161,35970,35993,36080,23,110
26162,35970,35998,36096,28,126
26163,36150,36144,36205,-6,55
26164,36150,36183,36254,33,104
26165,36210,36233,36294,23,84
26166,36270,36253,36479,-17,209
26167,36270,36263,36331,-7,61
26168,36330,36321,36386,-9,56
26169,36330,36350,36404,20,74
26170,36330,36351,36429,21,99
26171,36330,36353,36442,23,112
26172,36330,36371,36467,41,137
26173,36390,36406,36488,16,98
26174,36390,36418,36540,28,150
26175,36390,36429,36545,39,155
26176,36450,36434,36572,-16,122
26177,36450,36435,36604,-15,154
26178,36450,36441,36608,-9,158
26179,36450,36469,36662,19,212
26180,36450,36476,36634,26,184
26181,36450,36477,36668,27,218
26182,36510,36514,36654,4,144
26183,36510,36520,36680,10,170
26184,36570,36551,36799,-19,229
26185,36570,36577,36630,7,60
26186,36570,36596,36667,26,97
26187,36630,36662,36771,32,141
26188,36690,36669,36859,-21,169
26189,36690,36671,36885,-19,195
26190,36690,36699,36950,9,260
26191,36690,36705,36900,15,210
26192,36690,36723,37000,33,310
26193,36750,36748,36937,-2,187
26194,36750,36765,36936,15,186
26195,36810,36803,37000,-7,190
26196,36810,36809,37004,-1,194
26197,36810,36837,37013,27,203
26198,36870,36865,36991,-5,121
26199,36870,36877,37139,7,269
26200,36930,36910,37006,-20,76
26201,36930,36920,37048,-10,118
26202,36930,36935,37059,5,129
26203,36990,37020,37106,30,116
26204,37050,37029,37118,-21,68
26205,37050,37071,37244,21,194
26206,37110,37098,37158,-12,48
26207,37110,37111,37596,1,486
26208,37110,37139,37557,29,447
26209,37170,37199,37564,29,394
26210,37170,37218,37356,48,186
26211,37170,37225,37350,55,180
26212,37170,37233,37358,63,188
26213,37230,37239,37576,9,346
26214,37230,37257,37419,27,189
26215,37230,37266,37667,36,437
26216,37230,37285,37582,55,352
26217,37290,37295,37586,5,296
26218,37290,37332,37622,42,332
26219,37290,37359,37574,69,284
26220,37350,37381,37597,31,247
26221,37350,37396,37665,46,315
26222,37350,37401,37669,51,319
26223,37350,37407,38450,57,1100
26224,37410,37411,37649,1,239
26225,37410,37486,37700,76,290
26226,37410,37495,37675,85,265
26227,37470,37504,37655,34,185
26228,37470,37507,37693,37,223
26229,37470,37521,37734,51,264
26230,37470,37531,37685,61,215
26231,37530,37535,37689,5,159
26232,37530,37540,37704,10,174
26233,37530,37543,37753,13,223
26234,37590,37599,37735,9,145
26235,37590,37604,37741,14,151
26236,37590,37608,37742,18,152
26237,37650,37652,37760,2,110
26238,37650,37676,37781,26,131
26239,37710,37716,37775,6,65
26240,37710,37740,37781,30,71
26241,37770,37742,37797,-28,27
26242,37830,37805,37830,-25,0
26243,37830,37813,37900,-17,70
26244,37830,37846,37906,16,76
26245,37830,37846,37923,16,93
26246,37830,37858,37959,28,129
26247,37890,37881,38016,-9,126
26248,37890,37891,38014,1,124
26249,37890,37904,38002,14,112
26250,37950,37931,38177,-19,227
26251,37950,37955,38029,5,79
26252,37950,37956,38312,6,362
26253,37950,37965,38085,15,135
26254,38010,37996,38063,-14,53
26255,38010,38016,38112,6,102
26256,38010,38023,38183,13,173
26257,38010,38028,38149,18,139
26258,38010,38028,38186,18,176
26259,38010,38034,38183,24,173
26260,38010,38037,38195,27,185
26261,38010,38039,38375,29,365
26262,38010,38044,38214,34,204
26263,38010,38045,38228,35,218
26264,38010,38048,38321,38,311
26265,38070,38055,38242,-15,172
26266,38070,38058,38249,-12,179
26267,38070,38060,38326,-10,256
26268,38070,38117,38299,47,229
26269,38070,38118,38336,48,266
26270,38070,38121,38341,51,271
26271,38130,38122,38378,-8,248
26272,38130,38126,38377,-4,247
26273,38190,38180,38373,-10,183
26274,38190,38243,38488,53,298
26275,38190,38250,38419,60,229
26276,38190,38261,38407,71,217
26277,38250,38262,38491,12,241
26278,38250,38264,38493,14,243
26279,38310,38304,38431,-6,121
26280,38310,38305,38497,-5,187
26281,38310,38319,38777,9,467
26282,38310,38324,38486,14,176
26283,38310,38342,38458,32,148
26284,38370,38376,38503,6,133
26285,38370,38406,38562,36,192
26286,38430,38417,38578,-13,148
26287,38430,38455,38730,25,300
26288,38430,38457,38676,27,246
26289,38490,38504,38696,14,206
26290,38490,38505,38714,15,224
26291,38490,38506,39720,16,1230
26292,38490,38506,38760,16,270
26293,38490,38508,38748,18,258
26294,38490,38528,39760,38,1270
26295,38490,38535,38808,45,318
26296,38550,38537,38801,-13,251
26297,38550,38559,38816,9,266
26298,38550,38571,38844,21,294
26299,38550,38579,38841,29,291
26300,38610,38621,38852,11,242
26301,38670,38683,38862,13,192
26302,38730,38720,38862,-10,132
26303,38730,38752,38872,22,142
26304,38790,38770,38876,-20,86
26305,38790,38781,38876,-9,86
26306,38790,38803,38901,13,111
26307,38790,38818,38895,28,105
26308,38850,38842,38895,-8,45
26309,38910,38887,38953,-23,43
26310,38910,38894,38967,-16,57
26311,38910,38902,38981,-8,71
26312,38910,38907,38965,-3,55
26313,38910,38923,38968,13,58
26314,38970,38945,39058,-25,88
26315,38970,38955,39040,-15,70
26316,38970,38999,39044,29,74
26317,38970,38999,39213,29,243
26318,39030,39006,39095,-24,65
26319,39030,39009,40050,-21,1020
26320,39030,39010,39101,-20,71
26321,39030,39030,39140,0,110
26322,39030,39073,39167,43,137
26323,39030,39075,39207,45,177
26324,39090,39100,39242,10,152
26325,39090,39102,39269,12,179
26326,39090,39106,39303,16,213
26327,39150,39133,40310,-17,1160
26328,39150,39178,39329,28,179
26329,39150,39181,39378,31,228
26330,39270,39251,39483,-19,213
26331,39270,39255,39490,-15,220
26332,39390,39378,39610,-12,220
26333,39390,39385,40440,-5,1050
26334,39390,39385,39615,-5,225
26335,39390,39459,39621,69,231
26336,39450,39467,39625,17,175
26337,39450,39475,39552,25,102
26338,39450,39477,39668,27,218
26339,39510,39524,39644,14,134
26340,39510,39530,39714,20,204
26341,39510,39556,39665,46,155
26342,39570,39562,39673,-8,103
26343,39570,39582,39706,12,136
26344,39570,39592,39683,22,113
26345,39630,39610,39744,-20,114
26346,39630,39621,39687,-9,57
26347,39690,39709,39785,19,95
26348,39690,39718,39806,28,116
26349,39690,39723,39807,33,117
26350,39750,39739,39839,-11,89
26351,39750,39752,39888,2,138
26352,39750,39757,39841,7,91
26353,39750,39774,40820,24,1070
26354,39810,39820,39919,10,109
26355,39810,39839,39942,29,132
26356,39810,39845,39941,35,131
26357,39810,39847,39960,37,150
26358,39870,39853,39961,-17,91
26359,39870,39863,39995,-7,125
26360,39870,39900,40207,30,337
26361,39930,39942,40019,12,89
26362,39930,39952,40217,22,287
26363,39990,39970,41000,-20,1010
26364,39990,39999,40086,9,96
26365,39990,40002,40080,12,90
26366,39990,40012,40224,22,234
26367,39990,40017,40231,27,241
26368,39990,40021,40169,31,179
26369,39990,40025,40234,35,244
26370,39990,40030,40145,40,155
26371,40050,40038,40197,-12,147
26372,40050,40045,40201,-5,151
26373,40050,40050,40239,0,189
26374,40050,40060,40222,10,172
26375,40110,40100,41220,-10,1110
26376,40110,40113,40310,3,200
26377,40110,40120,40349,10,239
26378,40110,40125,40414,15,304
26379,40110,40128,40424,18,314
26380,40110,40132,40447,22,337
26381,40110,40134,40464,24,354
26382,40170,40202,40474,32,304
26383,40170,40211,40335,41,165
26384,40170,40223,40530,53,360
26385,40170,40225,41520,55,1350
26386,40230,40231,40621,1,391
26387,40230,40234,40626,4,396
26388,40230,40290,40651,60,421
26389,40290,40304,40714,14,424
26390,40290,40307,40743,17,453
26391,40350,40342,40677,-8,327
26392,40410,40441,41690,31,1280
26393,40470,40463,40704,-7,234
26394,40470,40470,40755,0,285
26395,40470,40474,40747,4,277
26396,40470,40494,40761,24,291
26397,40470,40508,40773,38,303
26398,40530,40517,40787,-13,257
26399,40530,40521,40790,-9,260
26400,40530,40564,40806,34,276
26401,40590,40584,40816,-6,226
26402,40590,40603,40842,13,252
26403,40590,40614,40998,24,408
26404,40590,40621,40735,31,145
26405,40650,40621,40855,-29,205
26406,40650,40629,40811,-21,161
26407,40650,40634,41016,-16,366
26408,40650,40674,41031,24,381
26409,40650,40685,41036,35,386
26410,40650,40690,40912,40,262
26411,40650,40692,40930,42,280
26412,40650,40694,41041,44,391
26413,40710,40701,41066,-9,356
26414,40710,40705,41057,-5,347
26415,40710,40788,41061,78,351
26416,40710,40797,41007,87,297
26417,40710,40799,41015,89,305
26418,40710,40801,41065,91,355
26419,40710,40822,41070,112,360
26420,40770,40829,41089,59,319
26421,40770,40842,41049,72,279
26422,40770,40846,41061,76,291
26423,40770,40849,41081,79,311
26424,40770,40875,41071,105,301
26425,40830,40910,41083,80,253
26426,40830,40912,41116,82,286
26427,40830,40922,41172,92,342
26428,40830,40928,41172,98,342
26429,40890,40930,41186,40,296
26430,40890,40936,41192,46,302
26431,40890,40939,41217,49,327
26432,40890,40945,41485,55,595
26433,40950,40956,41224,6,274
26434,40950,40960,41239,10,289
26435,40950,40962,41241,12,291
26436,41010,41033,41409,23,399
26437,41010,41063,41267,53,257
26438,41010,41073,41261,63,251
26439,41070,41103,41265,33,195
26440,41070,41124,41275,54,205
26441,41070,41126,41412,56,342
26442,41070,41149,41291,79,221
26443,41070,41150,41421,80,351
26444,41130,41178,41423,48,293
26445,41130,41191,41427,61,297
26446,41130,41218,41417,88,287
26447,41130,41214,41374,84,244
26448,41130,41220,41439,90,309
26449,41130,41225,41383,95,253
26450,41130,41241,41439,111,309
26451,41190,41247,41454,57,264
26452,41190,41252,41689,62,499
26453,41190,41261,41697,71,507
26454,41190,41264,41701,74,511
26455,41190,41272,41501,82,311
26456,41190,41277,41705,87,515
26457,41250,41281,41521,31,271
26458,41250,41293,41708,43,458
26459,41250,41300,41525,50,275
26460,41250,41303,41526,53,276
26461,41250,41307,41724,57,474
26462,41310,41315,41540,5,230
26463,41310,41318,41543,8,233
26464,41310,41326,41731,16,421
26465,41310,41333,41553,23,243
26466,41370,41346,41735,-24,365
26467,41370,41354,41739,-16,369
26468,41370,41411,42450,41,1080
26469,41370,41414,41745,44,375
26470,41430,41417,41629,-13,199
26471,41430,41442,41746,12,316
26472,41490,41539,41719,49,229
26473,41490,41541,41750,51,260
26474,41490,41551,41804,61,314
26475,41550,41555,41766,5,216
26476,41550,41557,41806,7,256
26477,41550,41563,42730,13,1180
26478,41550,41567,41813,17,263
26479,41550,41629,41995,79,445
26480,41550,41638,41855,88,305
26481,41610,41641,41860,31,250
26482,41610,41643,41887,33,277
26483,41610,41654,41904,44,294
26484,41610,41655,42810,45,1200
26485,41670,41656,41889,-14,219
26486,41670,41658,42075,-12,405
26487,41670,41666,41907,-4,237
26488,41670,41667,42078,-3,408
26489,41670,41672,41923,2,253
26490,41670,41723,42083,53,413
26491,41670,41734,41950,64,280
26492,41670,41737,41947,67,277
26493,41670,41741,41948,71,278
26494,41730,41744,41955,14,225
26495,41730,41756,42088,26,358
26496,41730,41763,41967,33,237
26497,41730,41765,41972,35,242
26498,41790,41769,42091,-21,301
26499,41790,41777,42095,-13,305
26500,41790,41827,41994,37,204
26501,41790,41843,41999,53,209
26502,41790,41845,42005,55,215
26503,41790,41848,42098,58,308
26504,41790,41858,42138,68,348
26505,41790,41869,42174,79,384
26506,41790,41892,42296,102,506
26507,41850,41907,42196,57,346
26508,41850,41915,42197,65,347
26509,41850,41927,42212,77,362
26510,41850,41927,42201,77,351
26511,41850,41931,42221,81,371
26512,41850,41937,42219,87,369
26513,41910,41937,42228,27,318
26514,41910,41942,42585,32,675
26515,41910,41948,42347,38,437
26516,41910,41949,42422,39,512
26517,41910,41956,42584,46,674
26518,41910,41966,42481,56,571
26519,41910,41982,42528,72,618
26520,41970,41996,42491,26,521
26521,41970,41998,42490,28,520
26522,41970,42000,42508,30,538
26523,41970,42006,42520,36,550
26524,41970,42018,42810,48,840
26525,41970,42040,42535,70,565
26526,42030,42050,42572,20,542
26527,42030,42052,42819,22,789
26528,42030,42056,42832,26,802
26529,42090,42099,42831,9,741
26530,42090,42121,42579,31,489
26531,42090,42159,42834,69,744
26532,42090,42163,42594,73,504
26533,42150,42165,42592,15,442
26534,42150,42167,42596,17,446
26535,42150,42170,42597,20,447
26536,42150,42190,42601,40,451
26537,42150,42193,42602,43,452
26538,42210,42202,42841,-8,631
26539,42210,42225,42619,15,409
26540,42210,42229,42841,19,631
26541,42210,42266,42630,56,420
26542,42210,42271,42838,61,628
26543,42210,42276,42843,66,633
26544,42270,42281,42645,11,375
26545,42270,42299,42669,29,399
26546,42270,42305,42649,35,379
26547,42330,42311,42651,-19,321
26548,42330,42318,42654,-12,324
26549,42330,42336,42656,6,326
26550,42330,42349,42660,19,330
26551,42330,42373,42849,43,519
26552,42330,42388,42765,58,435
26553,42330,42391,42855,61,525
26554,42330,42392,42853,62,523
26555,42330,42397,42859,67,529
26556,42450,42426,43430,-24,980
26557,42450,42451,42712,1,262
26558,42450,42483,42864,33,414
26559,42450,42500,42879,50,429
26560,42450,42516,42737,66,287
26561,42510,42519,42868,9,358
26562,42510,42554,42792,44,282
26563,42510,42558,42748,48,238
26564,42510,42560,42749,50,239
26565,42510,42561,42753,51,243
26566,42570,42562,42753,-8,183
26567,42570,42564,42753,-6,183
26568,42570,42565,42865,-5,295
26569,42570,42624,42871,54,301
26570,42570,42636,42826,66,256
26571,42570,42642,42957,72,387
26572,42570,42651,42779,81,209
26573,42570,42654,42893,84,323
26574,42630,42663,42804,33,174
26575,42630,42667,42839,37,209
26576,42630,42670,42875,40,245
26577,42630,42679,42882,49,252
26578,42690,42713,42913,23,223
26579,42690,42722,42930,32,240
26580,42690,42731,42936,41,246
26581,42690,42766,42952,76,262
26582,42690,42771,42956,81,266
26583,42690,42789,42974,99,284
26584,42690,42792,42974,102,284
26585,42690,42794,43970,104,1280
26586,42690,42800,43059,110,369
26587,42750,42815,42994,65,244
26588,42750,42822,42998,72,248
26589,42750,42826,43001,76,251
26590,42810,42829,43009,19,199
26591,42810,42832,43013,22,203
26592,42810,42833,43011,23,201
26593,42810,42837,43030,27,220
26594,42810,42837,43024,27,214
26595,42810,42838,43031,28,221
26596,42870,42887,43039,17,169
26597,42930,42935,44040,5,1110
26598,42930,42939,43054,9,124
26599,42930,42943,43099,13,169
26600,42930,42953,43048,23,118
26601,42930,42955,43054,25,124
26602,42990,42984,43084,-6,94
26603,42990,42989,44060,-1,1070
26604,42990,43008,43079,18,89
26605,42990,43023,43099,33,109
26606,42990,43026,43114,36,124
26607,43050,43036,43142,-14,92
26608,43050,43073,43132,23,82
26609,43050,43075,43149,25,99
26610,43110,43120,43167,10,57
26611,43110,43134,43188,24,78
26612,43170,43159,43314,-11,144
26613,43170,43168,43265,-2,95
26614,43170,43190,43347,20,177
26615,43230,43210,43329,-20,99
26616,43230,43215,43333,-15,103
26617,43230,43242,43905,12,675
26618,43230,43253,43912,23,682
26619,43230,43263,43393,33,163
26620,43230,43271,43912,41,682
26621,43290,43286,43918,-4,628
26622,43290,43298,43467,8,177
26623,43290,43309,43920,19,630
26624,43290,43320,43479,30,189
26625,43350,43345,43922,-5,572
26626,43350,43482,43689,132,339
26627,43350,43355,43925,5,575
26628,43350,43450,43929,100,579
26629,43410,43462,44470,52,1060
26630,43410,43504,43822,94,412
26631,43410,43473,43828,63,418
26632,43410,43501,43932,91,522
26633,43410,43512,43937,102,527
26634,43470,43516,43942,46,472
26635,43470,43518,43939,48,469
26636,43470,43520,44121,50,651
26637,43470,43523,43993,53,523
26638,43470,43524,44067,54,597
26639,43530,43525,44590,-5,1060
26640,43530,43527,44129,-3,599
26641,43530,43642,44038,112,508
26642,43530,43655,44136,125,606
26643,43530,43665,44139,135,609
26644,43590,43669,44630,79,1040
26645,43590,43688,44171,98,581
26646,43590,43689,44250,99,660
26647,43650,43703,44635,53,985
26648,43650,43709,44203,59,553
26649,43650,43710,44217,60,567
26650,43650,43714,44635,64,985
26651,43650,43717,44363,67,713
26652,43710,43720,44639,10,929
26653,43710,43723,44645,13,935
26654,43710,43727,44308,17,598
26655,43710,43739,44314,29,604
26656,43710,43743,44348,33,638
26657,43770,43905,44349,135,579
26658,43770,43907,45050,137,1280
26659,43830,43910,44457,80,627
26660,43830,43912,44652,82,822
26661,43890,43919,44652,29,762
26662,43890,43929,44652,39,762
26663,43950,43933,44438,-17,488
26664,43950,43993,44655,43,705
26665,44010,44025,44459,15,449
26666,44010,44027,44665,17,655
26667,44070,44056,44656,-14,586
26668,44070,44064,44487,-6,417
26669,44070,44067,44659,-3,589
26670,44130,44116,44506,-14,376
26671,44130,44117,44510,-13,380
26672,44130,44270,44677,140,547
26673,44190,44288,44734,98,544
26674,44190,44310,44683,120,493
26675,44250,44324,44733,74,483
26676,44250,44332,44700,82,450
26677,44250,44338,44719,88,469
26678,44310,44353,44733,43,423
26679,44370,44369,44727,-1,357
26680,44370,44374,44741,4,371
26681,44370,44385,44779,15,409
26682,44370,44392,44761,22,391
26683,44430,44432,44857,2,427
26684,44430,44447,44775,17,345
26685,44430,44465,44779,35,349
26686,44430,44494,44863,64,433
26687,44490,44502,44787,12,297
26688,44490,44503,44786,13,296
26689,44550,44536,44877,-14,327
26690,44550,44624,44805,74,255
26691,44610,44625,44878,15,268
26692,44610,44634,44890,24,280
26693,44610,44637,44858,27,248
26694,44610,44639,44883,29,273
26695,44670,44707,44887,37,217
26696,44670,44712,44896,42,226
26697,44730,44764,44955,34,225
26698,44730,44768,44891,38,161
26699,44730,44772,44928,42,198
26700,44730,44776,44937,46,207
26701,44730,44778,44948,48,218
26702,44850,44882,44950,32,100
26703,44910,44925,44952,15,42
26704,44910,44927,44961,17,51
26705,44970,44972,45088,2,118
26706,44970,44979,45091,9,121
26707,44970,44986,45205,16,235
26708,44970,45017,45101,47,131
26709,45030,45029,46120,-1,1090
26710,45030,45030,45229,0,199
26711,45030,45033,45243,3,213
26712,45030,45051,45243,21,213
26713,45090,45095,45256,5,166
26714,45090,45098,45317,8,227
26715,45150,45133,45264,-17,114
26716,45150,45139,45269,-11,119
26717,45150,45183,45276,33,126
26718,45150,45198,45291,48,141
26719,45210,45226,45283,16,73
26720,45330,45306,45366,-24,36
26721,45330,45312,45363,-18,33
26722,45330,45335,45392,5,62
26723,45330,45359,45500,29,170
26724,45390,45392,45615,2,225
26725,45390,45400,45431,10,41
26726,45510,45499,45614,-11,104
26727,45510,45507,45619,-3,109
26728,45510,45514,45657,4,147
26729,45510,45532,45680,22,170
26730,45510,45551,45740,41,230
26731,45570,45556,45737,-14,167
26732,45630,45611,45764,-19,134
26733,45630,45630,45767,0,137
26734,45630,45633,45779,3,149
26735,45630,45637,45782,7,152
26736,45630,45662,45789,32,159
26737,45630,45665,45794,35,164
26738,45630,45667,45804,37,174
26739,45630,45669,45811,39,181
26740,45690,45672,45856,-18,166
26741,45690,45713,45850,23,160
26742,45690,45735,45957,45,267
26743,45690,45742,45962,52,272
26744,45750,45743,45992,-7,242
26745,45750,45746,46008,-4,258
26746,45750,45756,46030,6,280
26747,45750,45803,46045,53,295
26748,45750,45812,46048,62,298
26749,45810,45819,46053,9,243
26750,45810,45887,46070,77,260
26751,45870,45924,46075,54,205
26752,45870,45932,46073,62,203
26753,45870,45934,46070,64,200
26754,45870,45938,46119,68,249
26755,45870,45941,46083,71,213
26756,45870,45948,46084,78,214
26757,45930,45954,46087,24,157
26758,45990,45989,46101,-1,111
26759,45990,46030,46168,40,178
26760,46050,46079,46166,29,116
26761,46110,46096,46156,-14,46
26762,46110,46100,46132,-10,22
26763,46110,46111,46172,1,62
26764,46110,46124,46160,14,50
26765,46170,46160,46267,-10,97
26766,46170,46195,46219,25,49
26767,46230,46203,46272,-27,42
26768,46230,46226,46278,-4,48
26769,46230,46259,46366,29,136
26770,46290,46277,46426,-13,136
26771,46290,46286,46331,-4,41
26772,46290,46294,46337,4,47
26773,46350,46329,46361,-21,11
26774,46350,46332,46410,-18,60
26775,46410,46387,46441,-23,31
26776,46410,46400,46543,-10,133
26777,46470,46479,46532,9,62
26778,46470,46480,46610,10,140
26779,46470,46484,46513,14,43
26780,46530,46502,46599,-28,69
26781,46530,46544,46583,14,53
26782,46590,46574,46609,-16,19
26783,46590,46593,46641,3,51
26784,46650,46637,46663,-13,13
26785,46710,46693,46749,-17,39
26786,46710,46696,46732,-14,22
26787,46710,46709,46759,-1,49
26788,46770,46756,46804,-14,34
26789,46770,46782,46843,12,73
26790,46830,46808,46858,-22,28
26791,46830,46810,46843,-20,13
26792,46830,46816,46863,-14,33
26793,46830,46836,46928,6,98
26794,46890,46867,46959,-23,69
26795,46890,46872,47047,-18,157
26796,46890,46910,47038,20,148
26797,46950,46928,46967,-22,17
26798,46950,46945,47071,-5,121
26799,47010,47015,47110,5,100
26800,47010,47029,47231,19,221
26801,47010,47032,48040,22,1030
26802,47010,47074,47168,64,158
26803,47070,47090,47143,20,73
26804,47070,47093,47207,23,137
26805,47130,47110,47190,-20,60
26806,47130,47133,47197,3,67
26807,47190,47166,47274,-24,84
26808,47190,47168,47440,-22,250
26809,47190,47206,47291,16,101
26810,47190,47213,47342,23,152
26811,47250,47254,47310,4,60
26812,47250,47269,47315,19,65
26813,47310,47320,47393,10,83
26814,47310,47323,47375,13,65
26815,47370,47345,47400,-25,30
26816,47370,47347,47446,-23,76
26817,47370,47352,47414,-18,44
26818,47370,47362,47431,-8,61
26819,47370,47374,47435,4,65
26820,47370,47380,47421,10,51
26821,47370,47390,47597,20,227
26822,47370,47398,47440,28,70
26823,47430,47453,47496,23,66
26824,47430,47458,47547,28,117
26825,47430,47459,47529,29,99
26826,47490,47491,47527,1,37
26827,47550,47537,47560,-13,10
26828,47550,47541,47582,-9,32
26829,47550,47543,47583,-7,33
26830,47550,47581,47605,31,55
26831,47610,47590,47636,-20,26
26832,47610,47608,47659,-2,49
26833,47610,47607,47639,-3,29
26834,47610,47612,47666,2,56
26835,47610,47621,47661,11,51
26836,47670,47666,47778,-4,108
26837,47730,47704,47760,-26,30
26838,47730,47712,47754,-18,24
26839,47730,47728,47806,-2,76
26840,47730,47739,47788,9,58
26841,47790,47769,47850,-21,60
26842,47910,47913,48008,3,98
26843,47970,47969,48073,-1,103
26844,47970,47982,48050,12,80
26845,47970,48014,48043,44,73
26846,48030,48017,48056,-13,26
26847,48030,48017,48091,-13,61
26848,48030,48032,48076,2,46
26849,48030,48045,48108,15,78
26850,48030,48046,48083,16,53
26851,48090,48067,48088,-23,-2
26852,48090,48067,48137,-23,47
26853,48090,48082,48156,-8,66
26854,48090,48085,48155,-5,65
26855,48090,48115,48150,25,60
26856,48150,48172,48202,22,52
26857,48150,48178,48308,28,158
26858,48210,48216,48265,6,55
26859,48270,48250,48299,-20,29
26860,48270,48255,48324,-15,54
26861,48270,48272,48333,2,63
26862,48270,48307,48343,37,73
26863,48330,48338,48369,8,39
26864,48330,48342,48369,12,39
26865,48330,48353,48388,23,58
26866,48330,48355,48442,25,112
26867,48390,48374,48448,-16,58
26868,48390,48399,48513,9,123
26869,48450,48433,48494,-17,44
26870,48450,48447,48488,-3,38
26871,48450,48450,48505,0,55
26872,48450,48463,48538,13,88
26873,48450,48465,48536,15,86
26874,48510,48502,48598,-8,88
26875,48510,48507,48560,-3,50
26876,48510,48532,48582,22,72
26877,48510,48535,48590,25,80
26878,48510,48543,48633,33,123
26879,48510,48543,48611,33,101
26880,48510,48547,48712,37,202
26881,48570,48589,48656,19,86
26882,48570,48590,48662,20,92
26883,48630,48628,48716,-2,86
26884,48630,48635,48682,5,52
26885,48630,48646,48763,16,133
26886,48630,48656,48820,26,190
26887,48750,48736,48819,-14,69
26888,48750,48754,48821,4,71
26889,48750,48773,48835,23,85
26890,48810,48815,48858,5,48
26891,48810,48836,48868,26,58
26892,48870,48877,48920,7,50
26893,48930,48911,49007,-19,77
26894,48930,48916,49070,-14,140
26895,48930,48932,49024,2,94
26896,48990,48985,49087,-5,97
26897,48990,49005,49078,15,88
26898,48990,49014,49068,24,78
26899,49050,49042,49113,-8,63
26900,49110,49088,49178,-22,68
26901,49110,49128,49183,18,73
26902,49110,49135,49194,25,84
26903,49110,49138,49186,28,76
26904,49170,49174,49231,4,61
26905,49170,49185,49237,15,67
26906,49170,49190,49263,20,93
26907,49230,49223,49277,-7,47
26908,49230,49228,49299,-2,69
26909,49290,49263,49334,-27,44
26910,49290,49270,49331,-20,41
26911,49290,49270,49386,-20,96
26912,49290,49276,49424,-14,134
26913,49290,49288,49452,-2,162
26914,49290,49299,49416,9,126
26915,49290,49308,49457,18,167
26916,49350,49327,49538,-23,188
26917,49350,49338,49496,-12,146
26918,49350,49351,49543,1,193
26919,49350,49358,49504,8,154
26920,49350,49361,49551,11,201
26921,49350,49369,49524,19,174
26922,49350,49372,49531,22,181
26923,49410,49418,49600,8,190
26924,49410,49426,49554,16,144
26925,49410,49433,49593,23,183
26926,49410,49434,49585,24,175
26927,49410,49441,49600,31,190
26928,49410,49444,49617,34,207
26929,49410,49445,49611,35,201
26930,49470,49451,49625,-19,155
26931,49470,49457,49635,-13,165
26932,49470,49458,49669,-12,199
26933,49470,49464,49670,-6,200
26934,49530,49531,49666,1,136
26935,49530,49533,49698,3,168
26936,49530,49587,49688,57,158
26937,49590,49593,49736,3,146
26938,49590,49601,49719,11,129
26939,49590,49608,49711,18,121
26940,49650,49678,49784,28,134
26941,49710,49684,49809,-26,99
26942,49710,49722,49849,12,139
26943,49830,49805,50026,-25,196
26944,49830,49827,49896,-3,66
26945,49830,49832,49900,2,70
26946,49830,49862,50036,32,206
26947,49890,49875,49905,-15,15
26948,49890,49879,50035,-11,145
26949,49890,49904,50031,14,141
26950,49890,49914,50054,24,164
26951,49950,49948,50038,-2,88
26952,49950,49957,50079,7,129
26953,49950,49961,50148,11,198
26954,49950,49970,50109,20,159
26955,49950,49986,50099,36,149
26956,50010,50029,50112,19,102
26957,50130,50125,50179,-5,49
26958,50130,50136,50233,6,103
26959,50130,50137,50311,7,181
26960,50190,50184,50351,-6,161
26961,50250,50266,50398,16,148
26962,50250,50274,50361,24,111
26963,50250,50279,50438,29,188
26964,50310,50311,50366,1,56
26965,50310,50334,50426,24,116
26966,50310,50343,50458,33,148
26967,50370,50348,50443,-22,73
26968,50370,50394,50471,24,101
26969,50430,50443,50482,13,52
26970,50490,50474,50621,-16,131
26971,50490,50499,50738,9,248
26972,50550,50564,50660,14,110
26973,50610,50588,50638,-22,28
26974,50610,50603,50681,-7,71
26975,50610,50639,50687,29,77
26976,50670,50691,50771,21,101
26977,50670,50689,51038,19,368
26978,50670,50699,50784,29,114
26979,50730,50726,51041,-4,311
26980,50730,50745,51045,15,315
26981,50730,50752,50842,22,112
26982,50730,50754,51054,24,324
26983,50730,50758,51061,28,331
26984,50730,50765,50915,35,185
26985,50790,50768,50935,-22,145
26986,50790,50803,51070,13,280
26987,50790,50808,51038,18,248
26988,50790,50829,51070,39,280
26989,50850,50865,51070,15,220
26990,50850,50871,51070,21,220
26991,50850,50876,51038,26,188
26992,50910,50923,51028,13,118
26993,50910,50928,51033,18,123
26994,50910,50929,51043,19,133
26995,0,50930,51065,50930,51065
26996,0,50934,51053,50934,51053
26997,0,50986,51059,50986,51059
26998,0,50993,51067,50993,51067
26999,0,51007,51065,51007,51065
27000,0,51012,51068,51012,51068
27001,0,51064,51068,51064,51068
27002,0,51068,51070,51068,51070
27003,0,51070,51070,51070,51070
